# {"t_start": 1587201442.306389, "env_id": "MiniGrid-Empty-16x16-v0"} 
r,l,t
0,1024,10.070909
0,1024,17.224798
0,1024,24.695756
0,1024,32.220402
0,1024,39.782539
0,1024,47.220414
0,1024,54.491145
0.291602,806,60.353578
0,1024,67.414621
0.491992,578,71.356297
0.306543,789,77.135708
0.937598,71,77.773956
0,1024,85.08208
0.883984,132,86.006503
0.93584,73,86.652631
0.948145,59,86.92579
0.731934,305,88.842164
0.802246,225,90.562772
0.701172,340,93.26451
0.850586,170,94.322189
0.965723,39,94.769415
0.96748,37,94.970118
0.858496,161,96.004833
0.649316,399,99.085822
0.706445,334,101.544687
0.95166,55,101.778386
0.424316,655,106.465685
0.957812,48,107.065598
0.731934,305,109.120512
0.965723,39,109.285483
0.795215,233,110.946813
0.833008,190,112.456556
0.918262,93,112.88367
0.939355,69,113.566478
0.880469,136,114.518128
0.900684,113,115.35672
0.966602,38,115.515843
0.840039,182,116.957741
0.805762,221,118.356773
0.821582,203,119.97367
0.891895,123,120.825567
0.952539,54,121.057141
0.81543,210,122.703038
0.873437,144,123.653233
0.848828,172,124.730151
0.647559,401,127.839283
0.775,256,129.705434
0.788184,241,131.169131
0.510449,557,135.181149
0.947266,60,135.47988
0.958691,47,136.096056
0.918262,93,136.533257
0.724902,313,138.858966
0.821582,203,140.089954
0.71875,320,142.488426
0.961328,44,142.675246
0.737207,299,144.965953
0.924414,86,145.353075
0.853223,167,146.722302
0.851465,169,147.942618
0.962207,43,148.124453
0.964844,40,148.580334
0.886621,129,149.491724
0.957812,48,149.726722
0.650195,398,152.436984
0.766211,266,154.438114
0.628223,423,157.144845
0.955176,51,157.688446
0.846191,175,158.79908
0.888379,127,159.771514
0.961328,44,160.241725
0.937598,71,160.585406
0.796973,231,162.34784
0.796094,232,164.066548
0.725781,312,166.323673
0,1024,173.802016
0.858496,161,174.925814
0.716113,323,177.519641
0.364551,723,182.841317
0.934961,74,183.229605
0.880469,136,184.304846
0.85498,165,185.458328
0.92793,82,186.234169
0.431348,647,190.9216
0.727539,310,193.282175
0.905078,108,193.783305
0.844434,177,195.234983
0.828613,195,196.42205
0.874316,143,197.391684
0.52627,539,201.439272
0.342578,748,206.90656
0.786426,243,208.351048
0.95166,55,208.905002
0.954297,52,209.124741
0.649316,399,211.899982
0.766211,266,213.74985
0.527148,538,217.835011
0,1024,225.145678
0.968359,36,225.30858
0.924414,86,225.979944
0.814551,211,227.281208
0.840039,182,228.764941
0.634375,416,231.651457
0.969238,35,231.799158
0.804004,223,233.479302
0.808398,218,235.137065
0.327637,765,240.447313
0.952539,54,240.740225
0.801367,226,242.499223
0.970117,34,242.660647
0.926172,84,243.377452
0.870801,147,244.400151
0.902441,111,245.209164
0.673926,371,247.856873
0.964844,40,248.051067
0.713477,326,250.159895
0.804004,223,251.869573
0.862012,157,252.953771
0.881348,135,254.161783
0.827734,196,255.480788
0.957812,48,255.696689
0.890137,125,256.635073
0.838281,184,258.133831
0.700293,341,260.547924
0.934082,75,260.887533
0.78291,247,262.713744
0.84707,174,263.751632
0.847949,173,265.347076
0.919141,92,265.807525
0.933203,76,266.501867
0.949023,58,266.754247
0.934082,75,267.424873
0.841797,180,268.517615
0.908594,104,269.309764
0.838281,184,270.797148
0.352246,737,275.67501
0.929688,80,276.358187
0.89541,119,277.228438
0.492871,577,281.508382
0.844434,177,282.692531
0.861133,158,283.80291
0.950781,56,284.367481
0.79082,238,285.703237
0.941992,66,286.352006
0.890137,125,287.223597
0.904199,109,288.05028
0.795215,233,289.737758
0.780273,250,291.465192
0.821582,203,292.712071
0.973633,30,292.837608
0.885742,130,293.708994
0.907715,105,294.566053
0.635254,415,297.49324
0.750391,284,299.733007
0.971875,32,299.871731
0.750391,284,301.783703
0.949902,57,302.342149
0.856738,163,303.438175
0.8875,128,304.42497
0.814551,211,306.033582
0.970996,33,306.221571
0.755664,278,308.160285
0.719629,319,310.300982
0.949023,58,310.964766
0.721387,317,313.121259
0.954297,52,313.682439
0.904199,109,314.51983
0.86377,155,315.579677
0.972754,31,315.715223
0.89541,119,316.551064
0.947266,60,317.124982
0.949902,57,317.424114
0.812793,213,319.059171
0.964844,40,319.24426
0.777637,253,321.02065
0.87168,146,322.001898
0.818945,206,323.638231
0.924414,86,324.026153
0.900684,113,324.876528
0.535937,528,328.737266
0.952539,54,329.307893
0.961328,44,329.493638
0.957812,48,329.692402
0.936719,72,330.383873
0.51748,549,334.151616
0.916504,95,334.907789
0.854102,166,335.991756
0.87959,137,336.929601
0.956055,50,337.573939
0.761816,271,339.506821
0.87959,137,340.395505
0.849707,171,341.433096
0.858496,161,342.810537
0.837402,185,343.984305
0.661621,385,346.850945
0.96748,37,347.005032
0.818945,206,348.821846
0.886621,129,349.754417
0.939355,69,350.364755
0.970117,34,350.570662
0.342578,748,356.05024
0.954297,52,356.296261
0.847949,173,357.402333
0.653711,394,360.233817
0.783789,246,361.906897
0.906836,106,362.710073
0.919141,92,363.424958
0.958691,47,363.626251
0.720508,318,366.014846
0.75918,274,367.871341
0.645801,403,370.76326
0.58252,475,374.224998
0.721387,317,376.390681
0.658984,388,379.189354
0.813672,212,380.761358
0.906836,106,381.560301
0.946387,61,381.828014
0.832129,191,383.339067
0.762695,270,385.255068
0.955176,51,385.499539
0.87959,137,386.475932
0.922656,88,387.19102
0.958691,47,387.43246
0.846191,175,388.839731
0.956934,49,389.046513
0.796973,231,390.683439
0.852344,168,391.750409
0.780273,250,393.700044
0.96748,37,393.859571
0.79873,229,395.673753
0.866406,152,396.640623
0.966602,38,397.145642
0.853223,167,398.264182
0.604492,450,401.792822
0.62207,430,404.704456
0.837402,185,405.836682
0.856738,163,407.200268
0.945508,62,407.464772
0.86377,155,408.563922
0.609766,444,411.857258
0.641406,408,414.759923
0.679199,365,417.334367
0.921777,89,418.019953
0.804883,222,419.35038
0.912988,99,420.083583
0.938477,70,420.782648
0.97627,27,420.919955
0.820703,204,422.162802
0.896289,118,423.056581
0.779395,251,424.941468
0.948145,59,425.50832
0.564062,496,429.195804
0.87959,137,430.256152
0.920898,90,430.682138
0.273145,827,436.831395
0.786426,243,438.71893
0.949902,57,438.967905
0.86377,155,440.019294
0.849707,171,441.500262
0.913867,98,442.273621
0.940234,68,442.627151
0.889258,126,443.609174
0.689746,353,446.240779
0.771484,260,448.104533
0.45332,622,452.791617
0.970117,34,452.937476
0.975391,28,453.055035
0.811035,215,454.768814
0.872559,145,455.842682
0.857617,162,456.967004
0.711719,328,459.382615
0.93584,73,459.715457
0.738086,298,462.055483
0.94375,64,462.353055
0.544727,518,465.986693
0.968359,36,466.431931
0.894531,120,467.067417
0.801367,226,468.837233
0.67041,375,471.442564
0.946387,61,472.034709
0.975391,28,472.167114
0.410254,671,476.856292
0.934961,74,477.50895
0.929688,80,477.885537
0.901563,112,478.810544
0.516602,550,482.563708
0.928809,81,483.323478
0.881348,135,484.218019
0.966602,38,484.37642
0.968359,36,484.884829
0.956934,49,485.125913
0.940234,68,485.802538
0.944629,63,486.072893
0.603613,451,489.536386
0.968359,36,489.720071
0.803125,224,491.436695
0.945508,62,491.722998
0.948145,59,492.323716
0.975391,28,492.457404
0.949023,58,492.718622
0.843555,178,494.25297
0.914746,97,494.706582
0.789941,239,496.403746
0.963086,42,496.9028
0.84707,174,497.980182
0,1024,505.380597
0.883105,133,506.314899
0.841797,180,507.459595
0.963086,42,508.073874
0.949023,58,508.333299
0.945508,62,508.913786
0.715234,324,511.122757
0.908594,104,511.972543
0.796094,232,513.634485
0.897168,117,514.620316
0.956055,50,514.873726
0.777637,253,516.753665
0.811035,215,518.370714
0.746875,288,520.378882
0.953418,53,520.919753
0.901563,112,521.503442
0.952539,54,522.083815
0.964844,40,522.254739
0.934082,75,522.913626
0.89541,119,523.741667
0.882227,134,524.68417
0.92002,91,525.076787
0.971875,32,525.544111
0.972754,31,525.687624
0.876953,140,526.603709
0.89541,119,527.44634
0.956934,49,527.686041
0.882227,134,528.607194
0.511328,556,532.789496
0.668652,377,535.496797
0.426074,653,540.274685
0.974512,29,540.41834
0.79082,238,542.128589
0.960449,45,542.32569
0.801367,226,544.099656
0.723145,315,546.149237
0.891895,123,547.02819
0.672168,373,549.651081
0.776758,254,551.503788
0.797852,230,553.233394
0.948145,59,553.806636
0.38125,704,558.685784
0.629102,422,561.504352
0.481445,590,566.003574
0.909473,103,566.790306
0.955176,51,567.037202
0.757422,276,568.896031
0.973633,30,569.310699
0.950781,56,569.593294
0.836523,186,570.722884
0.843555,178,572.169324
0.971875,32,572.31136
0.868164,150,573.325428
0.83916,183,574.845152
0.850586,170,575.958605
0.929688,80,576.633132
0.821582,203,577.967045
0.866406,152,578.962516
0.929688,80,579.628049
0.958691,47,579.835882
0.936719,72,580.496388
0.970117,34,580.64542
0.896289,118,581.511053
0.886621,129,582.392417
0.975391,28,582.515806
0.949023,58,583.20953
0.96748,37,583.367009
0.595703,460,586.745078
0.963965,41,586.940726
0.361035,727,592.372361
0.659863,387,595.331642
0.945508,62,595.612554
0.193164,918,602.205513
0.61416,439,605.575341
0.964844,40,605.74522
0.495508,574,609.962688
0.812793,213,611.312141
0.730176,307,613.609533
0.747754,287,615.566304
0.876953,140,616.536386
0.532422,532,620.327536
0.720508,318,622.877584
0.941113,67,623.192881
0.963086,42,623.380517
0.680078,364,626.040308
0.869043,149,627.023879
0.948145,59,627.70811
0.770605,261,629.638383
0.921777,89,630.423896
0.722266,316,632.472621
0.927051,83,633.190106
0.796094,232,634.918443
0.90332,110,635.44903
0.964844,40,635.992193
0.939355,69,636.315758
0.765332,267,638.203637
0.847949,173,639.586076
0.666016,380,642.203229
0.83916,183,643.441144
0.862012,157,644.457002
0.83916,183,645.91817
0.918262,93,646.628647
0.841797,180,647.796215
0.835645,187,648.983907
0.789941,239,650.771065
0.739844,296,653.246196
0.939355,69,653.548946
0.96748,37,653.703063
0.956934,49,654.271451
0.385645,699,658.982891
0.657227,390,661.808561
0.970117,34,662.361123
0.974512,29,662.509291
0.952539,54,662.738053
0.613281,440,666.163298
0.912109,100,666.609368
0.958691,47,667.239396
0.970996,33,667.380147
0.626465,425,670.325788
0.939355,69,670.972242
0.875195,142,671.964384
0.833008,190,673.425234
0.975391,28,673.58628
0.854102,166,674.645161
0.952539,54,674.892717
0.957812,48,675.429683
0.938477,70,675.726632
0.870801,147,677.136391
0.918262,93,677.596037
0.837402,185,679.054279
0.56582,494,682.654355
0.93584,73,683.011649
0.803125,224,684.777773
0.963965,41,684.970323
0.950781,56,685.525768
0.519238,547,689.426464
0.64668,402,692.386887
0.958691,47,692.581918
0.74248,293,694.918553
0.855859,164,695.930449
0.972754,31,696.07334
0.921777,89,696.897871
0.970996,33,697.059714
0.963965,41,697.256481
0.898926,115,698.106983
0.907715,105,698.932011
0.973633,30,699.059141
0.70293,338,701.638825
0.818945,206,703.268199
0.970117,34,703.431278
0.947266,60,703.729162
0.833887,189,705.224193
0.652832,395,707.897488
0.946387,61,708.153804
0.954297,52,708.715096
0.781152,249,710.471548
0.947266,60,710.729189
0.520117,546,714.766564
0.97627,27,714.907131
0.811035,215,716.286809
0.92793,82,716.990877
0.971875,32,717.170185
0.975391,28,717.60604
0.934082,75,717.961082
0.821582,203,719.523026
0.489355,581,723.420476
0.876074,141,724.329896
0.631738,419,727.638293
0.969238,35,727.808017
0.788184,241,729.533839
0.966602,38,729.712061
0.975391,28,729.828875
0.968359,36,730.281756
0.643164,406,733.089988
0.589551,467,736.282617
0.856738,163,737.657743
0.961328,44,737.848073
0.925293,85,738.607592
0.755664,278,740.601848
0.730176,307,742.611193
0.92002,91,743.35149
0.544727,518,747.054401
0.917383,94,747.79692
0.846191,175,748.880021
0.872559,145,749.971522
0.137793,981,757.319364
0.956934,49,757.541882
0.706445,334,760.143459
0.861133,158,761.190139
0.968359,36,761.341158
0.941113,67,762.048805
0.673926,371,764.680649
0.952539,54,764.926701
0.952539,54,765.588736
0.961328,44,765.778749
0.969238,35,765.929615
0.414648,666,771.031438
0.65459,393,774.028653
0.954297,52,774.261714
0.96748,37,774.425716
0.940234,68,775.168201
0.91123,101,775.918642
0.763574,269,777.825592
0.901563,112,778.621904
0.945508,62,778.89923
0.952539,54,779.128698
0.958691,47,779.665078
0.564062,496,783.323512
0.317969,776,788.753885
0.95166,55,788.999083
0.922656,88,789.700628
0.97627,27,789.813796
0.709961,330,792.243346
0.808398,218,793.567509
0.974512,29,794.017522
0.923535,87,794.423162
0.835645,187,795.863423
0.934082,75,796.17909
0.843555,178,797.575526
0.926172,84,797.949672
0.837402,185,799.461541
0.907715,105,800.264865
0.849707,171,801.390272
0.964844,40,801.562792
0.889258,126,802.418132
0.938477,70,803.051857
0.920898,90,803.727966
0.954297,52,803.992161
0.954297,52,804.233269
0.826855,197,805.831836
0.921777,89,806.516856
0.845313,176,807.740221
0.860254,159,808.778475
0.612402,441,812.048746
0.956055,50,812.294467
0.837402,185,813.43448
0.905078,108,814.245732
0.862891,156,815.552363
0.945508,62,815.896423
0.557031,504,819.556977
0.964844,40,819.745671
0.658984,388,822.474283
0.855859,164,823.904682
0.963965,41,824.114463
0.888379,127,824.963495
0.72666,311,826.988885
0.965723,39,827.46648
0.970996,33,827.626647
0.945508,62,827.902916
0.961328,44,828.428039
0.862891,156,829.502784
0.555273,506,833.200105
0.869043,149,834.152203
0.867285,151,835.156163
0.918262,93,835.900728
0.847949,173,837.081913
0.95166,55,837.699246
0.874316,143,838.688978
0.504297,564,842.742832
0.819824,205,844.348506
0.838281,184,845.489297
0.870801,147,846.502763
0.972754,31,846.978455
0.902441,111,847.764359
0.961328,44,847.976912
0.813672,212,849.529093
0.888379,127,850.413071
0.763574,269,852.250322
0.891016,124,853.149473
0.768848,263,855.101403
0.956055,50,855.323806
0.938477,70,855.949327
0.644922,404,858.778042
0.853223,167,859.811563
0.925293,85,860.506177
0.714355,325,862.583539
0.96748,37,863.163985
0.905078,108,863.665322
0.96748,37,864.163126
0.970117,34,864.310504
0.780273,250,866.125149
0.952539,54,866.409958
0.69502,347,869.100403
0.956934,49,869.347178
0.963965,41,869.938902
0.867285,151,870.959029
0.876074,141,872.024942
0.972754,31,872.15689
0.588672,468,875.754613
0.660742,386,878.538388
0.892773,122,879.425978
0.962207,43,879.622699
0.936719,72,880.283942
0.830371,193,881.409264
0.876953,140,882.339172
0.862012,157,883.705144
0.973633,30,883.844218
0.96748,37,884.001618
0.448047,628,888.65931
0.794336,234,890.541936
0.954297,52,890.768017
0.817187,208,892.323681
0.87959,137,893.293696
0.756543,277,895.249665
0.969238,35,895.41128
0.869922,148,896.844646
0.877832,139,897.806722
0.955176,51,898.023417
0.805762,221,899.721554
0.972754,31,899.85681
0.917383,94,900.690331
0.974512,29,900.840003
0.727539,310,902.934001
0.97627,27,903.410915
0.699414,342,905.619431
0.912109,100,906.438331
0.972754,31,906.58385
0.748633,286,908.72102
0.881348,135,909.720421
0.818945,206,910.955743
0.95166,55,911.603216
0.749512,285,913.652894
0.789062,240,915.400838
0.422559,657,920.155079
0.945508,62,920.419548
0.865527,153,921.847187
0.861133,158,923.00933
0.457715,617,927.327657
0.93584,73,927.64008
0.929688,80,928.285951
0.867285,151,929.295429
0.540332,523,933.052645
0.868164,150,934.017826
0.400586,682,939.273102
0.674805,370,941.810947
0.898047,116,942.639162
0.936719,72,943.320479
0.824219,200,944.786573
0.974512,29,944.972862
0.891016,124,945.864252
0.886621,129,946.90143
0.689746,353,949.19989
0.934082,75,949.875625
0.961328,44,950.096436
0.962207,43,950.674926
0.941113,67,950.966322
0.83916,183,952.390773
0.824219,200,953.580783
0.51748,549,957.610335
0.914746,97,958.084399
0.963086,42,958.61705
0.974512,29,958.753163
0.529785,535,962.602261
0.942871,65,963.198382
0.957812,48,963.452859
0.83916,183,964.616004
0.589551,467,968.262169
0.584277,473,971.91985
0.285449,813,977.547974
0.795215,233,979.285571
0.812793,213,980.837443
0.547363,515,984.556732
0.84707,174,985.6618
0.857617,162,986.777824
0.950781,56,987.332439
0.571094,488,990.570158
0.69502,347,993.148908
0.750391,284,995.088001
0.602734,452,998.78675
0.864648,154,999.80131
0.901563,112,1000.621751
0.956934,49,1000.847111
0.947266,60,1001.555276
0.804883,222,1003.227313
0.949023,58,1003.502571
0.851465,169,1004.612495
0.524512,541,1008.730683
0.645801,403,1011.712036
0.97627,27,1011.826555
0.97627,27,1011.939964
0.843555,178,1013.339601
0.579004,479,1016.560035
0.581641,476,1020.125815
0.629102,422,1023.107053
0.679199,365,1025.813436
0.737207,299,1027.948831
0.934082,75,1028.63888
0.975391,28,1028.796863
0.966602,38,1029.369177
0.963965,41,1029.557996
0.725781,312,1031.555653
0.877832,139,1032.601823
0.95166,55,1033.184173
0.78291,247,1034.892221
0.902441,111,1035.695072
0.814551,211,1037.072653
0.709082,331,1039.541154
0.907715,105,1040.290397
0.971875,32,1040.433915
0.628223,423,1043.309129
0.878711,138,1044.319216
0.853223,167,1045.852598
0.822461,202,1047.111067
0.963965,41,1047.625129
0.566699,493,1050.807209
0.788184,241,1052.52162
0.762695,270,1054.43387
0.766211,266,1056.306973
0.766211,266,1058.516382
0.950781,56,1058.778564
0.576367,482,1062.270017
0.937598,71,1062.569886
0.330273,762,1068.464236
0.8875,128,1069.464105
0.644922,404,1072.216558
0.810156,216,1073.933857
0.59043,466,1077.519132
0.794336,234,1079.15091
0.96748,37,1079.366936
0.739844,296,1081.41185
0.909473,103,1082.235209
0.45332,622,1086.764476
0.92002,91,1087.53973
0.941992,66,1087.882622
0.891016,124,1088.872343
0.912988,99,1089.645928
0.864648,154,1090.660758
0.354883,734,1096.125105
0.820703,204,1097.429988
0.714355,325,1099.792176
0.835645,187,1100.940536
0.825098,199,1102.551073
0.975391,28,1102.682565
0.924414,86,1103.384186
0.748633,286,1105.37654
0.599219,456,1108.888951
0.95957,46,1109.092288
0.949023,58,1109.344723
0.900684,113,1110.16025
0.568457,491,1113.621094
0.558789,502,1117.379764
0.715234,324,1119.74547
0.945508,62,1120.050248
0.674805,370,1122.698929
0.890137,125,1123.577715
0.838281,184,1124.695337
0.731934,305,1126.988239
0.797852,230,1128.583063
0.426074,653,1133.424491
0.946387,61,1133.69751
0.972754,31,1133.82845
0.617676,435,1137.052891
0.346973,743,1142.430022
0.847949,173,1143.530585
0.944629,63,1143.795473
0.966602,38,1144.294602
0.846191,175,1145.417346
0.593066,463,1148.979382
0.708203,332,1151.236668
0.891016,124,1152.077005
0.96748,37,1152.515828
0.948145,59,1152.853599
0.550879,511,1156.584315
0.599219,456,1159.915429
0.934961,74,1160.25407
0.950781,56,1160.7982
0.932324,77,1161.185165
0.152734,964,1168.282246
0.960449,45,1168.513203
0.971875,32,1168.654782
0.968359,36,1169.201447
0.738965,297,1171.255813
0.811914,214,1172.806464
0.869043,149,1173.773221
0.856738,163,1174.908569
0.615918,437,1177.881896
0.968359,36,1178.351542
0.890137,125,1179.210255
0.783789,246,1181.009743
0.847949,173,1182.040384
0.644922,404,1184.844794
0.741602,294,1186.996742
0.905957,107,1187.841662
0.842676,179,1189.303491
0.832129,191,1190.557739
0.957812,48,1190.786208
0.947266,60,1191.505753
0.968359,36,1191.713833
0.314453,780,1197.001349
0.914746,97,1197.753924
0.891016,124,1198.705979
0.941113,67,1199.30726
0.937598,71,1199.637846
0.97627,27,1199.754346
0.95957,46,1200.287178
0.913867,98,1200.764692
0.738086,298,1203.072232
0.968359,36,1203.235221
0.957812,48,1203.442472
0.96748,37,1204.019535
0.949902,57,1204.288868
0.716113,323,1206.704135
0.79082,238,1208.45245
0.85498,165,1209.616051
0.926172,84,1210.271204
0.905957,107,1210.790259
0.673047,372,1213.554229
0.901563,112,1214.369645
0.97627,27,1214.483072
0.969238,35,1214.969436
0.783789,246,1216.720047
0.919141,92,1217.128752
0.898926,115,1217.971606
0.671289,374,1220.673651
0.965723,39,1220.836851
0.788184,241,1222.60016
0.842676,179,1224.023446
0.96748,37,1224.193573
0.795215,233,1225.900525
0.948145,59,1226.152171
0.922656,88,1226.888742
0.94375,64,1227.172452
0.973633,30,1227.638057
0.516602,550,1231.557883
0.94375,64,1231.830097
0.969238,35,1232.326782
0.930566,79,1232.662772
0.799609,228,1234.352781
0.972754,31,1234.501369
0.749512,285,1236.864251
0.855859,164,1237.972626
0.931445,78,1238.346009
0.542969,520,1242.222774
0.753027,281,1244.127361
0.970117,34,1244.278389
0.948145,59,1244.532322
0.760938,272,1246.842929
0.599219,456,1250.033249
0.837402,185,1251.572833
0.880469,136,1252.610332
0.934961,74,1252.942742
0.972754,31,1253.070264
0.97627,27,1253.519566
0.877832,139,1254.482128
0.888379,127,1255.459319
0.955176,51,1255.687957
0.931445,78,1256.383804
0.920898,90,1256.781828
0.923535,87,1257.556553
0.941113,67,1258.277316
0.366309,721,1263.173928
0.947266,60,1263.851177
0.854102,166,1264.942982
0.908594,104,1265.708275
0.677441,367,1268.315366
0.51748,549,1272.2344
0.899805,114,1273.03944
0.838281,184,1274.301947
0.965723,39,1274.798912
0.957812,48,1275.016689
0.793457,235,1276.781202
0.957812,48,1276.996007
0.876953,140,1277.992553
0.958691,47,1278.54569
0.346973,743,1283.930248
0.933203,76,1284.300061
0.892773,122,1285.284408
0.725781,312,1287.657072
0.817187,208,1288.95305
0.564941,495,1292.68601
0.691504,351,1295.201493
0.833008,190,1296.404946
0.890137,125,1297.305123
0.707324,333,1299.843399
0.210742,898,1306.247756
0.968359,36,1306.410126
0.862891,156,1307.447935
0.86377,155,1308.806567
0.876074,141,1309.768583
0.602734,452,1312.890213
0.779395,251,1314.725411
0.881348,135,1315.667959
0.867285,151,1316.661976
0.905078,108,1317.489298
0.958691,47,1318.045448
0.817187,208,1319.420625
0.743359,292,1321.793859
0.74248,293,1323.848756
0.859375,160,1324.913105
0.767969,264,1326.878993
0.778516,252,1328.790732
0.850586,170,1329.843166
0.651953,396,1332.567569
0.386523,698,1337.719519
0.725781,312,1339.766769
0.731055,306,1342.213612
0.745996,289,1344.258876
0.508691,559,1348.033407
0.950781,56,1348.629936
0.944629,63,1348.94425
0.952539,54,1349.511233
0.694141,348,1351.686159
0.947266,60,1352.255941
0.932324,77,1352.880487
0.810156,216,1354.340052
0.615039,438,1357.611076
0.944629,63,1357.886652
0.781152,249,1359.645886
0.738965,297,1361.582082
0.934961,74,1362.185309
0.947266,60,1362.436908
0.746875,288,1364.662762
0.963086,42,1364.880002
0.93584,73,1365.642323
0.970996,33,1365.810215
0.804004,223,1367.44057
0.639648,410,1370.206311
0.647559,401,1373.075919
0.35752,731,1378.457431
0.975391,28,1378.598911
0.797852,230,1380.423199
0.949902,57,1380.675432
0.781152,249,1382.558004
0.698535,343,1385.274568
0.930566,79,1385.606859
0.830371,193,1387.107574
0.87959,137,1388.032121
0.50957,558,1391.945844
0.886621,129,1392.790123
0.892773,122,1393.68397
0.896289,118,1394.616779
0.963965,41,1394.823833
0.303906,792,1400.687832
0.822461,202,1401.882481
0.969238,35,1402.448065
0.81543,210,1403.748786
0.853223,167,1404.857713
0.889258,126,1405.755479
0.96748,37,1406.27003
0.953418,53,1406.489438
0.776758,254,1408.496385
0.973633,30,1408.636872
0.950781,56,1409.297299
0.950781,56,1409.53405
0.873437,144,1410.547251
0.928809,81,1411.208744
0.975391,28,1411.34641
0.90332,110,1412.149595
0.869922,148,1413.213931
0.689746,353,1415.893095
0.862891,156,1416.890932
0.898926,115,1417.838254
0.892773,122,1418.717397
0.851465,169,1419.757995
0.838281,184,1421.266351
0.964844,40,1421.465862
0.912109,100,1422.321106
0.905957,107,1423.224725
0.964844,40,1423.392058
0.862891,156,1424.434851
0.869043,149,1425.452656
0.433984,644,1430.013119
0.745996,289,1432.370612
0.97627,27,1432.483577
0.889258,126,1433.406797
0.850586,170,1434.57479
0.971875,32,1435.028982
0.969238,35,1435.211053
0.941992,66,1435.512544
0.963086,42,1436.013651
0.956934,49,1436.250962
0.775,256,1438.047725
0.97627,27,1438.175318
0.921777,89,1438.900154
0.948145,59,1439.169682
0.902441,111,1440.012893
0.907715,105,1440.817171
0.846191,175,1441.905939
0.817187,208,1443.528944
0.877832,139,1444.481082
0.861133,158,1445.577019
0.885742,130,1446.461042
0.910352,102,1447.217676
0.840918,181,1448.731641
0.970117,34,1448.898102
0.942871,65,1449.205124
0.842676,179,1450.674433
0,1024,1457.86807
0.809277,217,1459.212734
0.827734,196,1460.718808
0.842676,179,1461.809513
0.883984,132,1462.837241
0.941113,67,1463.468697
0.975391,28,1463.593589
0.789941,239,1465.420133
0.936719,72,1466.113628
0.75127,283,1468.094877
0.811035,215,1469.632136
0.860254,159,1470.711199
0.864648,154,1471.745513
0.975391,28,1471.865266
0.974512,29,1471.995028
0.918262,93,1472.762526
0.699414,342,1475.278453
0.858496,161,1476.300514
0.930566,79,1477.066725
0.960449,45,1477.295575
0.945508,62,1477.85966
0.973633,30,1478.052588
0.901563,112,1478.843745
0.924414,86,1479.212071
0.8875,128,1480.09799
0.630859,420,1483.130099
0.936719,72,1483.452996
0.832129,191,1484.903522
0.849707,171,1486.061053
0.63877,411,1488.959188
0.865527,153,1490.01839
0.97627,27,1490.557811
0.593945,462,1493.778941
0.779395,251,1495.553948
0.648438,400,1498.497761
0.836523,186,1499.988754
0.924414,86,1500.376971
0.724023,314,1502.825144
0.956055,50,1503.058429
0.664258,382,1505.84672
0.96748,37,1506.299161
0.892773,122,1506.886953
0.890137,125,1507.826078
0.571973,487,1511.360566
0.880469,136,1512.436859
0.883105,133,1513.343924
0.956055,50,1513.899251
0.970996,33,1514.050608
0.845313,176,1515.209282
0.970996,33,1515.750976
0.846191,175,1516.864604
0.957812,48,1517.078743
0.949023,58,1517.751116
0.95166,55,1517.996665
0.898047,116,1518.896393
0.75918,274,1520.885285
0.427832,651,1525.8326
0.731934,305,1528.311195
0.878711,138,1529.287378
0.736328,300,1531.266545
0.52627,539,1535.162366
0.93584,73,1535.838551
0.893652,121,1536.662049
0.87168,146,1537.619952
0.875195,142,1538.607043
0.858496,161,1539.677867
0.906836,106,1540.45042
0.946387,61,1541.049473
0.451562,624,1545.468014
0.968359,36,1545.626797
0.697656,344,1548.228082
0.62998,421,1551.170093
0.48584,585,1555.168238
0.848828,172,1556.578809
0.970117,34,1556.725315
0.958691,47,1556.938342
0.966602,38,1557.450906
0.972754,31,1557.585376
0.965723,39,1557.755943
0.966602,38,1558.290447
0.975391,28,1558.43082
0.760938,272,1560.359328
0.963965,41,1560.550724
0.713477,326,1563.06195
0.973633,30,1563.187394
0.894531,120,1564.048205
0.913867,98,1564.842321
0.867285,151,1565.882674
0.932324,77,1566.218642
0.892773,122,1567.082247
0.901563,112,1567.988582
0.753027,281,1570.201496
0.797852,230,1571.571909
0.927051,83,1572.21996
0.963965,41,1572.406977
0.796094,232,1574.110691
0.973633,30,1574.236312
0.891895,123,1575.065959
0.966602,38,1575.574371
0.960449,45,1575.783981
0.902441,111,1576.698462
0.942871,65,1577.0297
0.875195,142,1578.007862
0.805762,221,1579.719854
0.738965,297,1581.692952
0.963965,41,1582.207261
0.932324,77,1582.565043
0.924414,86,1583.390626
0.883984,132,1584.423287
0.913867,98,1585.285071
0.720508,318,1587.343282
0.891016,124,1588.209199
0.883984,132,1589.221911
0.972754,31,1589.764194
0.856738,163,1590.842018
0.665137,381,1593.638352
0.891016,124,1594.517998
0.830371,193,1595.674003
0.476172,596,1600.087672
0.681836,362,1602.663059
0.427832,651,1607.321329
0.965723,39,1607.498635
0.966602,38,1607.662207
0.760938,272,1609.964006
0.896289,118,1610.832346
0.818066,207,1612.083558
0.968359,36,1612.241077
0.797852,230,1613.892862
0.944629,63,1614.650355
0.932324,77,1614.98523
0.901563,112,1615.845357
0.949023,58,1616.4427
0.810156,216,1617.738814
0.908594,104,1618.529848
0.973633,30,1618.664711
0.956055,50,1619.302674
0.907715,105,1620.097658
0.834766,188,1621.261512
0.886621,129,1622.14437
0.504297,564,1626.09221
0.84707,174,1627.510555
0.960449,45,1627.700001
0.687109,356,1630.386642
0.830371,193,1631.635679
0.884863,131,1632.552489
0.96748,37,1633.039777
0.926172,84,1633.428922
0.845313,176,1634.880147
0.893652,121,1635.868756
0.96748,37,1636.025367
0.962207,43,1636.205824
0.533301,531,1640.306291
0.940234,68,1640.678745
0.64668,402,1643.486464
0.963086,42,1643.964198
0.772363,259,1645.768861
0.580762,477,1649.023601
0.912988,99,1649.884359
0.921777,89,1650.610531
0.840039,182,1651.698036
0.964844,40,1651.886885
0.321484,772,1657.640795
0.803125,224,1659.01472
0.682715,361,1661.656997
0.861133,158,1662.700913
0.600977,454,1666.2955
0.811914,214,1667.917334
0.431348,647,1672.561022
0.840039,182,1673.831243
0.971875,32,1673.972504
0.676562,368,1676.756919
0.843555,178,1678.198365
0.92793,82,1678.589015
0.974512,29,1678.709955
0.488477,582,1683.0945
0.974512,29,1683.241823
0.926172,84,1683.997967
0.756543,277,1685.92451
0.633496,417,1689.012955
0.938477,70,1689.650467
0.841797,180,1690.874479
0.966602,38,1691.33498
0.952539,54,1691.634078
0.962207,43,1691.85255
0.829492,194,1693.450401
0.708203,332,1695.630119
0.83125,192,1697.187803
0.962207,43,1697.424209
0.968359,36,1697.589203
0.886621,129,1698.623392
0.707324,333,1701.269022
0.846191,175,1702.349634
0.878711,138,1703.581307
0.774121,257,1705.427863
0.938477,70,1705.767636
0.510449,557,1709.54599
0.765332,267,1711.782683
0.789062,240,1713.254466
0.889258,126,1714.150319
0.95166,55,1714.744395
0.912988,99,1715.538589
0.507812,560,1719.456448
0.963086,42,1719.67245
0.949902,57,1720.268177
0.54209,521,1723.953122
0.808398,218,1725.623428
0.626465,425,1728.571837
0.599219,456,1731.550756
0.960449,45,1732.099308
0.972754,31,1732.23613
0.658105,389,1734.947342
0.89541,119,1735.827151
0.884863,131,1736.821622
0.969238,35,1736.980375
0.876953,140,1737.926952
0.907715,105,1738.873701
0.975391,28,1739.014078
0.921777,89,1739.806334
0.776758,254,1741.767902
0.972754,31,1741.919863
0.970996,33,1742.409337
0.962207,43,1742.588405
0.971875,32,1742.724524
0.937598,71,1743.359142
0.67832,366,1745.865505
0.926172,84,1746.320987
0.775,256,1748.213126
0.970117,34,1748.354815
0.975391,28,1748.763779
0.862891,156,1749.810837
0.92002,91,1750.570356
0.750391,284,1752.781288
0.848828,172,1753.867678
0.833887,189,1755.374554
0.927051,83,1755.797637
0.787305,242,1757.535249
0.946387,61,1758.240963
0.697656,344,1760.609767
0.975391,28,1761.037432
0.963965,41,1761.20987
0.725781,312,1763.244387
0.97627,27,1763.671306
0.960449,45,1763.879585
0.942871,65,1764.164655
0.898047,116,1765.035058
0.963965,41,1765.629651
0.600977,454,1768.816589
0.746875,288,1770.84779
0.970117,34,1771.353616
0.974512,29,1771.500034
0.96748,37,1771.686271
0.864648,154,1772.6683
0.970996,33,1773.133036
0.594824,461,1776.346362
0.966602,38,1776.824282
0.886621,129,1777.848871
0.79873,229,1779.286999
0.891016,124,1780.126751
0.953418,53,1780.690401
0.8875,128,1781.563718
0.878711,138,1782.574076
0.880469,136,1783.497551
0.970117,34,1783.643403
0.827734,196,1785.126617
0.810156,216,1786.378847
0.738086,298,1788.734919
0.72666,311,1790.815398
0.940234,68,1791.468686
0.407617,674,1796.070006
0.971875,32,1796.206132
0.968359,36,1796.35611
0.958691,47,1796.962034
0.95166,55,1797.216261
0.75918,274,1799.058092
0.858496,161,1800.466969
0.811914,214,1801.748352
0.657227,390,1804.578802
0.83125,192,1806.170747
0.529785,535,1809.907661
0.75127,283,1811.780892
0.827734,196,1813.426181
0.419922,660,1818.186039
0.929688,80,1818.848739
0.93584,73,1819.175262
0.958691,47,1819.718502
0.971875,32,1819.892525
0.975391,28,1820.007815
0.805762,221,1821.656125
0.964844,40,1821.855939
0.906836,106,1822.683948
0.970117,34,1822.825387
0.867285,151,1823.763757
0.805762,221,1825.40045
0.781152,249,1827.16024
0.875195,142,1828.084154
0.969238,35,1828.239921
0.725781,312,1830.712749
0.954297,52,1830.938056
0,1024,1838.321654
0.690625,352,1841.072781
0.975391,28,1841.22019
0.96748,37,1841.373488
0.941992,66,1842.012658
0.731055,306,1844.054111
0.553516,508,1847.742707
0.942871,65,1848.365612
0.827734,196,1849.563744
0.915625,96,1850.36645
0.870801,147,1851.32927
0.966602,38,1851.911399
0.968359,36,1852.083474
0.905078,108,1852.898544
0.949023,58,1853.147734
0.83125,192,1854.757173
0.743359,292,1856.771522
0.95166,55,1857.000156
0.63877,411,1860.088581
0.653711,394,1862.932241
0.93584,73,1863.279294
0.934082,75,1863.942227
0.647559,401,1866.860344
0.858496,161,1867.897321
0.953418,53,1868.565113
0.953418,53,1868.802613
0.860254,159,1869.826628
0.965723,39,1870.416254
0.520117,546,1874.243582
0.97627,27,1874.35643
0.962207,43,1874.564445
0.890137,125,1875.473947
0.868164,150,1876.744951
0.970117,34,1876.912389
0.891895,123,1877.740128
0.899805,114,1878.647676
0.94375,64,1878.92565
0.684473,359,1881.54318
0.963965,41,1881.713799
0.945508,62,1882.318452
0.862012,157,1883.329479
0.867285,151,1884.29318
0.778516,252,1886.205305
0.705566,335,1888.758638
0.952539,54,1889.009032
0.949902,57,1889.599307
0.96748,37,1889.765756
0.907715,105,1890.686708
0.789062,240,1892.513816
0.957812,48,1892.72875
0.963965,41,1892.902155
0.846191,175,1894.365286
0.80752,219,1895.845771
0.970117,34,1896.300866
0.945508,62,1896.601916
0.945508,62,1897.16434
0.593066,463,1900.489047
0.775879,255,1902.367518
0.956934,49,1902.935437
0.956934,49,1903.163487
0.97627,27,1903.275147
0.867285,151,1904.292291
0.925293,85,1905.031571
0.974512,29,1905.16093
0.755664,278,1907.226584
0.947266,60,1907.904965
0.834766,188,1909.038706
0.902441,111,1909.85264
0.515723,551,1914.23016
0.940234,68,1914.60209
0.873437,144,1915.578929
0.970117,34,1915.74588
0.854102,166,1917.147502
0.93584,73,1917.453905
0.779395,251,1919.174394
0.912988,99,1919.943834
0.900684,113,1920.793563
0.919141,92,1921.550902
0.92002,91,1921.954414
0.974512,29,1922.380958
0.933203,76,1922.716145
0.975391,28,1922.831064
0.841797,180,1924.398616
0.858496,161,1925.411635
0.910352,102,1926.181439
0.749512,285,1928.07486
0.836523,186,1929.60376
0.932324,77,1929.955279
0.74248,293,1931.942845
0.783789,246,1933.679768
0.941113,67,1934.300509
0.696777,345,1936.897536
0.819824,205,1938.214881
0.586914,470,1941.623688
0.89541,119,1942.462306
0.834766,188,1943.728513
0.634375,416,1947.078456
0.918262,93,1947.55814
0.69502,347,1950.053455
0.921777,89,1950.778628
0.896289,118,1951.596642
0.931445,78,1951.984185
0.949902,57,1952.534933
0.869922,148,1953.532827
0.890137,125,1954.43376
0.703809,337,1956.580101
0.891016,124,1957.464704
0.877832,139,1958.413247
0.681836,362,1960.9826
0.698535,343,1963.503868
0.725781,312,1965.567906
0.403223,679,1970.667131
0.952539,54,1970.923987
0.961328,44,1971.12901
0.956934,49,1971.686347
0.744238,291,1973.598434
0.869043,149,1974.638205
0.96748,37,1975.108092
0.789941,239,1976.467151
0.956934,49,1977.01512
0.972754,31,1977.179058
0.950781,56,1977.7756
0.95166,55,1978.092172
0.669531,376,1980.835918
0.89541,119,1981.715851
0.633496,417,1984.542971
0.845313,176,1985.623887
0.952539,54,1986.292082
0.970996,33,1986.430166
0.841797,180,1987.9003
0.949902,57,1988.221804
0.793457,235,1989.942954
0.840039,182,1991.142533
0.948145,59,1991.73769
0.237109,868,1997.760328
0.809277,217,1999.385376
0.693262,349,2002.083457
0.636133,414,2005.075135
0.440137,637,2009.618963
0.893652,121,2010.459887
0.866406,152,2011.474881
0.79873,229,2013.127906
0.919141,92,2013.854894
0.919141,92,2014.268784
0.921777,89,2015.060287
0.968359,36,2015.222396
0.97627,27,2015.642223
0.95957,46,2015.854414
0.820703,204,2017.409867
0.946387,61,2017.68997
0.757422,276,2019.871131
0.828613,195,2021.480903
0.626465,425,2024.536262
0.952539,54,2025.077747
0.528906,536,2028.870862
0.914746,97,2029.279859
0.914746,97,2030.034817
0.966602,38,2030.585732
0.891016,124,2031.200456
0.819824,205,2032.744496
0.484961,586,2037.264975
0.919141,92,2037.661277
0.964844,40,2038.163045
0.926172,84,2038.527634
0.777637,253,2040.35926
0.96748,37,2040.828187
0.834766,188,2042.046646
0.837402,185,2043.574949
0.689746,353,2046.035239
0.886621,129,2046.936768
0.568457,491,2050.556021
0.8875,128,2051.420801
0.913867,98,2052.228042
0.923535,87,2052.92578
0.658984,388,2055.812663
0.905957,107,2056.265269
0.972754,31,2056.695716
0.666016,380,2059.460151
0.878711,138,2060.407607
0.778516,252,2062.209677
0.569336,490,2065.971198
0.891895,123,2066.518519
0.8875,128,2067.356182
0.90332,110,2068.154991
0.73457,302,2070.596315
0.880469,136,2071.523799
0.877832,139,2072.60979
0.873437,144,2073.585093
0.960449,45,2073.776891
0.615918,437,2077.072415
0.719629,319,2079.204321
0.898926,115,2080.021194
0.927051,83,2080.808319
0.775879,255,2082.622782
0.965723,39,2082.790566
0.975391,28,2082.915905
0.566699,493,2086.528767
0.828613,195,2088.027951
0.651074,397,2090.749641
0.971875,32,2090.883518
0.795215,233,2092.519621
0.950781,56,2092.753149
0.803125,224,2094.389973
0.93584,73,2095.02352
0.973633,30,2095.164539
0.970996,33,2095.299698
0.802246,225,2096.956865
0.93584,73,2097.272511
0.525391,540,2101.527462
0.924414,86,2101.914948
0.970117,34,2102.507131
0.436621,641,2107.22616
0.942871,65,2107.501389
0.809277,217,2109.210074
0.575488,483,2112.703228
0.971875,32,2112.847057
0.897168,117,2113.758119
0.651953,396,2116.649977
0.904199,109,2117.427554
0.920898,90,2117.808596
0.61416,439,2121.128561
0.97627,27,2121.243305
0.961328,44,2121.426999
0.908594,104,2122.307032
0.919141,92,2123.015158
0.513965,553,2126.826858
0.877832,139,2127.768661
0.8875,128,2128.628409
0.97627,27,2129.125362
0.920898,90,2129.554431
0.919141,92,2130.380778
0.955176,51,2130.607842
0.795215,233,2132.323891
0.87959,137,2133.245994
0.811914,214,2134.951239
0.968359,36,2135.116061
0.758301,275,2136.957174
0.845313,176,2138.445211
0.97627,27,2138.561178
0.95166,55,2138.811262
0.964844,40,2139.333885
0.892773,122,2140.202665
0.962207,43,2140.386822
0.830371,193,2141.593298
0.805762,221,2143.244682
0.905078,108,2144.010455
0.948145,59,2144.280632
0.581641,476,2147.842492
0.968359,36,2147.993183
0.818066,207,2149.605994
0.89541,119,2150.477709
0.298633,798,2156.225259
0.768848,263,2158.074943
0.92002,91,2158.869152
0.916504,95,2159.635042
0.913867,98,2160.457171
0.580762,477,2163.753691
0.714355,325,2166.24868
0.964844,40,2166.450001
0.921777,89,2167.164613
0.797852,230,2168.876751
0.954297,52,2169.126577
0.538574,525,2172.96673
0.914746,97,2173.731382
0.926172,84,2174.375316
0.737207,299,2176.526163
0.969238,35,2176.679833
0.960449,45,2176.874776
0.975391,28,2177.334076
0.964844,40,2177.517175
0.811035,215,2179.118893
0.917383,94,2179.531189
0.969238,35,2180.023916
0.946387,61,2180.283438
0.898926,115,2181.116186
0.929688,80,2181.823581
0.827734,196,2183.106885
0.769727,262,2184.959885
0.941113,67,2185.570453
0.370703,716,2190.407311
0.789062,240,2192.228543
0.85498,165,2193.68223
0.848828,172,2194.943995
0.794336,234,2196.727351
0.956055,50,2196.938095
0.963086,42,2197.127169
0.946387,61,2197.838742
0.76709,265,2199.663961
0.797852,230,2201.454798
0.95957,46,2201.64821
0.912109,100,2202.514494
0.841797,180,2203.75894
0.855859,164,2205.216672
0.878711,138,2206.229839
0.968359,36,2206.398831
0.848828,172,2207.640941
0.975391,28,2208.055489
0.973633,30,2208.213991
0.809277,217,2209.505625
0.97627,27,2209.93922
0.924414,86,2210.323372
0.93584,73,2210.982521
0.974512,29,2211.104686
0.845313,176,2212.543671
0.940234,68,2212.855948
0.747754,287,2214.848899
0.930566,79,2215.499716
0.922656,88,2216.171482
0.851465,169,2217.321928
0.811914,214,2218.941667
0.923535,87,2219.322837
0.801367,226,2221.093889
0.736328,300,2223.159652
0.820703,204,2224.717982
0.802246,225,2226.372865
0.934082,75,2226.714497
0.970117,34,2227.185134
0.724902,313,2229.209497
0.95957,46,2229.422082
0.886621,129,2230.371646
0.752148,282,2232.507953
0.71875,320,2234.592342
0.862891,156,2235.589034
0.957812,48,2236.129397
0.741602,294,2238.081831
0.673047,372,2240.689697
0.970996,33,2240.846517
0.945508,62,2241.490695
0.940234,68,2241.788354
0.766211,266,2243.598952
0.780273,250,2245.32584
0.966602,38,2245.775614
0.844434,177,2246.893855
0.858496,161,2247.936147
0.944629,63,2248.513745
0.822461,202,2249.827996
0.956055,50,2250.360405
0.929688,80,2250.734296
0.949023,58,2251.298158
0.914746,97,2251.76601
0.920898,90,2252.46098
0.888379,127,2253.298734
0.781152,249,2255.189147
0.844434,177,2256.340695
0.412891,668,2261.351912
0.975391,28,2261.478549
0.797852,230,2263.170936
0.933203,76,2263.559312
0.964844,40,2264.074476
0.912109,100,2264.575315
0.964844,40,2265.109459
0.893652,121,2265.985603
0.797852,230,2267.318043
0.972754,31,2267.791193
0.96748,37,2267.972956
0.83125,192,2269.16501
0.893652,121,2270.094304
0.96748,37,2270.582292
0.944629,63,2270.8748
0.95957,46,2271.390992
0.966602,38,2271.594157
0.970117,34,2271.737083
0.825098,199,2273.292166
0.811035,215,2274.582333
0.956055,50,2275.122941
0.789062,240,2276.853536
0.840918,181,2278.051157
0.87959,137,2279.02601
0.97627,27,2279.141618
0.924414,86,2279.888806
0.693262,349,2282.417042
0.971875,32,2282.553475
0.942871,65,2282.84779
0.93584,73,2283.573357
0.860254,159,2284.617407
0.961328,44,2285.149144
0.724023,314,2287.239621
0.929688,80,2287.901478
0.95166,55,2288.130343
0.970996,33,2288.272821
0.80752,219,2289.991998
0.962207,43,2290.206799
0.867285,151,2291.569411
0.955176,51,2291.807875
0.687988,355,2294.566857
0.589551,467,2297.665139
0.768848,263,2300.045852
0.861133,158,2301.134334
0.966602,38,2301.297556
0.890137,125,2302.180079
0.804883,222,2303.807566
0.851465,169,2304.90847
0.969238,35,2305.077231
0.974512,29,2305.498692
0.954297,52,2305.729105
0.927051,83,2306.500482
0.921777,89,2306.892066
0.960449,45,2307.431415
0.745117,290,2309.602787
0.411133,670,2314.294153
0.600977,454,2317.617606
0.841797,180,2318.75965
0.913867,98,2319.609509
0.956055,50,2319.846865
0.963086,42,2320.34782
0.957812,48,2320.584712
0.597461,458,2323.865114
0.738086,298,2325.8702
0.862891,156,2327.005759
0.47793,594,2331.223276
0.721387,317,2333.35574
0.687988,355,2335.938402
0.853223,167,2337.015694
0.799609,228,2338.614807
0.90332,110,2339.427867
0.956055,50,2339.64975
0.868164,150,2340.971351
0.552637,509,2344.264367
0.861133,158,2345.627129
0.899805,114,2346.428756
0.927051,83,2346.866886
0.95166,55,2347.474517
0.892773,122,2348.390975
0.836523,186,2349.505052
0.96748,37,2349.658934
0.840918,181,2351.132473
0.898926,115,2351.963444
0.788184,241,2353.663992
0.908594,104,2354.146946
0.891895,123,2355.03189
0.907715,105,2355.913268
0.912988,99,2356.68298
0.571973,487,2360.299673
0.947266,60,2360.600812
0.939355,69,2361.3604
0.972754,31,2361.49584
0.825098,199,2363.14024
0.971875,32,2363.303045
0.961328,44,2363.490083
0.724023,314,2365.851614
0.521875,544,2369.749487
0.584277,473,2373.159802
0.651074,397,2375.945155
0.837402,185,2377.163906
0.969238,35,2377.321823
0.748633,286,2379.593504
0.965723,39,2379.798528
0.954297,52,2380.027227
0.837402,185,2381.531181
0.898047,116,2382.382687
0.81543,210,2383.624857
0.896289,118,2384.472395
0.912988,99,2385.228669
0.707324,333,2387.69643
0.926172,84,2388.10625
0.924414,86,2388.800658
0.918262,93,2389.534857
0.93584,73,2389.894516
0.825977,198,2391.561103
0.961328,44,2391.762957
0.955176,51,2392.313024
0.934082,75,2392.687116
0.949023,58,2393.314383
0.970117,34,2393.488127
0.87168,146,2394.455552
0.971875,32,2394.589789
0.795215,233,2396.344544
0.884863,131,2397.391828
0.818945,206,2398.898951
0.691504,351,2401.02766
0.95957,46,2401.681983
0.974512,29,2401.803392
0.973633,30,2401.927081
0.97627,27,2402.040415
0.666016,380,2404.766008
0.827734,196,2406.354053
0.91123,101,2407.117221
0.919141,92,2407.573548
0.884863,131,2408.484538
0.941113,67,2409.123893
0.96748,37,2409.27672
0.952539,54,2409.880636
0.168555,946,2416.52837
0.531543,533,2420.292151
0.857617,162,2421.689332
0.916504,95,2422.165605
0.970117,34,2422.72177
0.945508,62,2423.018142
0.933203,76,2423.651927
0.822461,202,2424.91717
0.745117,290,2426.943559
0.916504,95,2427.767281
0.59834,457,2431.122383
0.975391,28,2431.263586
0.884863,131,2432.214194
0.97627,27,2432.332317
0.958691,47,2432.844204
0.870801,147,2433.828337
0.74248,293,2435.744289
0.820703,204,2437.406849
0.974512,29,2437.548885
0.840918,181,2438.699819
0.974512,29,2438.8419
0.745117,290,2441.199686
0.733691,303,2443.158693
0.626465,425,2446.127862
0.973633,30,2446.575385
0.912109,100,2447.017366
0.972754,31,2447.484744
0.874316,143,2448.419244
0.892773,122,2449.377205
0.934961,74,2449.737858
0.717871,321,2452.28422
0.920898,90,2453.057397
0.953418,53,2453.328694
0.920898,90,2454.094196
0.941992,66,2454.388467
0.939355,69,2455.007266
0.948145,59,2455.271073
0.844434,177,2456.694824
0.858496,161,2457.786278
0.825098,199,2459.047103
0.76709,265,2460.852545
0.970117,34,2461.425447
0.818066,207,2462.783743
0.924414,86,2463.601736
0.868164,150,2464.558516
0.899805,114,2465.435363
0.891895,123,2466.372734
0.958691,47,2466.56916
0.770605,261,2468.38144
0.896289,118,2469.261706
0.864648,154,2470.619619
0.778516,252,2472.387874
0.753027,281,2474.354379
0.73457,302,2476.432207
0.833887,189,2478.08259
0.673047,372,2480.504905
0.97627,27,2480.958037
0.972754,31,2481.120007
0.775879,255,2482.950733
0.432227,646,2487.504119
0.973633,30,2487.64882
0.761816,271,2489.533754
0.965723,39,2490.019273
0.65459,393,2492.784724
0.972754,31,2492.922064
0.912109,100,2493.706537
0.97627,27,2493.823567
0.802246,225,2495.571076
0.949902,57,2495.819499
0.900684,113,2496.674818
0.789941,239,2498.335874
0.97627,27,2498.470968
0.512207,555,2502.224163
0.760059,273,2504.493945
0.932324,77,2504.870447
0.676562,368,2507.708405
0.963086,42,2507.88411
0.806641,220,2509.554973
0.91123,101,2510.310994
0.906836,106,2511.089269
0.817187,208,2512.341263
0.894531,120,2513.302314
0.83916,183,2514.795694
0.932324,77,2515.176109
0.941113,67,2515.860606
0.968359,36,2516.01648
0.919141,92,2516.832526
0.956934,49,2517.04658
0.96748,37,2517.201991
0.942871,65,2517.847305
0.956934,49,2518.113054
0.878711,138,2519.049544
0.796094,232,2520.869046
0.933203,76,2521.57914
0.969238,35,2521.749279
0.940234,68,2522.370504
0.665137,381,2525.130365
0.89541,119,2526.002898
0.964844,40,2526.20559
0.890137,125,2527.084907
0.773242,258,2528.90112
0.781152,249,2530.660257
0.963965,41,2530.832697
0.853223,167,2531.96461
0.891895,123,2532.811905
0.939355,69,2533.421035
0.854102,166,2534.604878
0.917383,94,2535.347983
0.95957,46,2535.540064
0.973633,30,2535.967231
0.975391,28,2536.110699
0.857617,162,2537.134502
0.780273,250,2538.929856
0.972754,31,2539.060888
0.819824,205,2540.756222
0.970117,34,2540.918306
0.909473,103,2541.789932
0.84707,174,2542.990978
0.668652,377,2545.802108
0.928809,81,2546.567061
0.956055,50,2546.775522
0.923535,87,2547.512176
0.825098,199,2548.757874
0.955176,51,2549.386577
0.973633,30,2549.515498
0.55,512,2553.168988
0.956055,50,2553.67355
0.86377,155,2554.840859
0.889258,126,2555.760852
0.972754,31,2555.890127
0.829492,194,2557.074331
0.961328,44,2557.586179
0.735449,301,2559.814655
0.962207,43,2560.010432
0.930566,79,2560.810663
0.894531,120,2561.760437
0.968359,36,2561.937633
0.56582,494,2565.477326
0.92002,91,2566.202373
0.799609,228,2567.850298
0.963965,41,2568.052352
0.650195,398,2571.003138
0.757422,276,2572.864276
0.842676,179,2574.449653
0.804004,223,2575.801848
0.905957,107,2576.615751
0.954297,52,2577.180905
0.939355,69,2577.475159
0.808398,218,2579.107956
0.675684,369,2581.835292
0.657227,390,2584.66811
0.756543,277,2586.538193
0.878711,138,2587.487866
0.79082,238,2589.148386
0.80752,219,2590.750775
0.579004,479,2593.957067
0.941992,66,2594.575955
0.510449,557,2598.445821
0.964844,40,2598.904721
0.972754,31,2599.061625
0.488477,582,2602.987987
0.95166,55,2603.560712
0.949902,57,2603.800686
0.476172,596,2608.30968
0.941992,66,2608.612488
0.61416,439,2611.86955
0.773242,258,2613.664938
0.931445,78,2614.047919
0.562305,498,2617.672255
0.94375,64,2618.292786
0.972754,31,2618.423328
0.856738,163,2619.616329
0.974512,29,2620.139042
0.958691,47,2620.369919
0.825977,198,2621.557189
0.805762,221,2623.203665
0.811914,214,2624.804502
0.869922,148,2625.891121
0.961328,44,2626.079136
0.560547,500,2629.716275
0.925293,85,2630.423652
0.962207,43,2630.613225
0.825098,199,2632.17428
0.945508,62,2632.434032
0.948145,59,2633.018785
0.971875,32,2633.156052
0.918262,93,2633.901278
0.806641,220,2635.18621
0.674805,370,2637.772596
0.825098,199,2639.318238
0.826855,197,2640.584836
0.946387,61,2641.151793
0.960449,45,2641.337744
0.929688,80,2642.055881
0.957812,48,2642.265512
0.876074,141,2643.311917
0.966602,38,2643.9036
0.963086,42,2644.097248
0.899805,114,2644.935484
0.349609,740,2650.481386
0.830371,193,2651.671248
0.975391,28,2651.793421
0.918262,93,2652.523175
0.848828,172,2653.593645
0.371582,715,2658.957262
0.441895,635,2663.651267
0.618555,434,2666.586251
0.263477,838,2672.825461
0.691504,351,2675.385188
0.761816,271,2677.271387
0.915625,96,2678.000895
0.893652,121,2678.968061
0.93584,73,2679.32513
0.447168,629,2683.743834
0.584277,473,2687.263692
0.925293,85,2687.667311
0.861133,158,2689.109544
0.968359,36,2689.272458
0.917383,94,2690.157954
0.891016,124,2691.050752
0.901563,112,2691.591065
0.97627,27,2692.134243
0.867285,151,2693.119317
0.869043,149,2694.073743
0.866406,152,2695.081753
0.765332,267,2696.900817
0.96748,37,2697.354686
0.973633,30,2697.519963
0.700293,341,2699.822369
0.792578,236,2701.609131
0.970117,34,2702.061336
0.969238,35,2702.254215
0.530664,534,2705.923125
0.929688,80,2706.732541
0.772363,259,2708.573503
0.939355,69,2708.929332
0.838281,184,2710.357254
0.953418,53,2710.584784
0.55791,503,2714.365768
0.892773,122,2715.212022
0.909473,103,2715.948462
0.94375,64,2716.242634
0.673047,372,2718.97507
0.933203,76,2719.638035
0.949023,58,2719.91379
0.975391,28,2720.032268
0.878711,138,2721.245346
0.676562,368,2723.611422
0.970996,33,2724.066657
0.915625,96,2724.479442
0.947266,60,2725.071798
0.73457,302,2727.180319
0.92793,82,2727.87993
0.953418,53,2728.106115
0.827734,196,2729.659485
0.848828,172,2730.750233
0.579004,479,2734.356045
0.927051,83,2735.132296
0.87959,137,2736.073186
0.972754,31,2736.235498
0.97627,27,2736.354944
0.96748,37,2736.510925
0.80752,219,2738.139223
0.906836,106,2738.916057
0.92002,91,2739.768189
0.655469,392,2742.713634
0.90332,110,2743.563787
0.674805,370,2745.906795
0.963086,42,2746.518349
0.901563,112,2747.322984
0.96748,37,2747.519414
0.937598,71,2747.849972
0.948145,59,2748.439221
0.942871,65,2748.720004
0.972754,31,2749.17945
0.950781,56,2749.457204
0.851465,169,2750.620752
0.854102,166,2752.094879
0.930566,79,2752.429075
0.956055,50,2752.926977
0.83125,192,2754.221332
0.82334,201,2755.758975
0.852344,168,2757.020427
0.847949,173,2758.098313
0.859375,160,2759.55526
0.970117,34,2759.703721
0.84707,174,2760.934543
0.773242,258,2762.707858
0.962207,43,2763.234622
0.974512,29,2763.365002
0.44541,631,2768.263348
0.834766,188,2769.429109
0.812793,213,2771.162094
0.832129,191,2772.331655
0.896289,118,2773.227526
0.915625,96,2774.020509
0.964844,40,2774.190907
0.925293,85,2774.875226
0.907715,105,2775.74095
0.907715,105,2776.52123
0.955176,51,2776.736364
0.743359,292,2778.772031
0.929688,80,2779.45032
0.889258,126,2780.453639
0.969238,35,2780.629653
0.956055,50,2781.199702
0.456836,618,2785.789037
0.971875,32,2785.94735
0.972754,31,2786.077754
0.894531,120,2787.017173
0.970117,34,2787.172191
0.86377,155,2788.21657
0.974512,29,2788.670893
0.968359,36,2788.829643
0.716113,323,2791.110626
0.868164,150,2792.441188
0.972754,31,2792.580244
0.924414,86,2793.278482
0.954297,52,2793.528974
0.883984,132,2794.455257
0.704687,336,2796.928099
0.752148,282,2798.989471
0.972754,31,2799.147635
0.937598,71,2799.840288
0.856738,163,2800.89715
0.907715,105,2801.701179
0.952539,54,2801.952881
0.924414,86,2802.678306
0.904199,109,2803.462111
0.628223,423,2806.395199
0.972754,31,2806.585304
0.753027,281,2808.568103
0.749512,285,2810.869843
0.970996,33,2811.020999
0.833887,189,2812.205999
0.912109,100,2812.98873
0.619434,433,2816.301759
0.820703,204,2817.552647
0.785547,244,2819.360789
0.971875,32,2819.519364
0.974512,29,2819.954853
0.818066,207,2821.266218
0.868164,150,2822.314925
0.956934,49,2822.851297
0.561426,499,2826.384568
0.949902,57,2826.68022
0.683594,360,2829.442699
0.862891,156,2830.445779
0.969238,35,2830.59747
0.867285,151,2831.971599
0.822461,202,2833.175753
0.975391,28,2833.315708
0.691504,351,2835.826515
0.872559,145,2836.789997
0.945508,62,2837.388404
0.941992,66,2837.686468
0.867285,151,2838.694559
0.867285,151,2840.052765
0.906836,106,2840.568388
0.949023,58,2841.134188
0.93584,73,2841.465026
0.83916,183,2842.924582
0.833887,189,2844.155016
0.97627,27,2844.557166
0.848828,172,2845.701201
0.810156,216,2847.373074
0.797852,230,2848.833212
0.968359,36,2849.390676
0.973633,30,2849.531523
0.808398,218,2851.299054
0.789941,239,2852.684483
0.787305,242,2854.668842
0.888379,127,2855.55478
0.958691,47,2856.081723
0.970117,34,2856.228427
0.973633,30,2856.369402
0.64668,402,2859.357644
0.971875,32,2859.800591
0.948145,59,2860.055265
0.97627,27,2860.192819
0.746875,288,2862.636079
0.586914,470,2865.857941
0.901563,112,2866.761842
0.876953,140,2867.703395
0.623828,428,2870.73256
0.953418,53,2871.372453
0.910352,102,2872.227751
0.961328,44,2872.421068
0.963086,42,2872.612658
0.891016,124,2873.491513
0.733691,303,2875.845611
0.931445,78,2876.177934
0.95957,46,2876.723939
0.571094,488,2879.961178
0.368066,719,2885.206311
0.635254,415,2888.066877
0.539453,524,2891.774444
0.850586,170,2893.244369
0.973633,30,2893.372363
0.833887,189,2894.527992
0.867285,151,2895.861417
0.741602,294,2897.82773
0.950781,56,2898.069115
0.968359,36,2898.553238
0.975391,28,2898.689733
0.953418,53,2898.944874
0.858496,161,2900.314693
0.716113,323,2902.528339
0.843555,178,2903.631181
0.680957,363,2906.276915
0.834766,188,2907.842911
0.95957,46,2908.056578
0.957812,48,2908.561007
0.689746,353,2910.841027
0.884863,131,2911.747056
0.819824,205,2913.365355
0.625586,426,2916.212476
0.904199,109,2917.010521
0.954297,52,2917.233873
0.91123,101,2918.001395
0.852344,168,2919.452116
0.974512,29,2919.603629
0.81543,210,2920.819405
0.952539,54,2921.417156
0.922656,88,2922.144646
0.856738,163,2923.192406
0.907715,105,2923.996853
0.854102,166,2925.069397
0.854102,166,2926.186877
0.82334,201,2927.652716
0.844434,177,2928.855776
0.893652,121,2929.769966
0.696777,345,2932.403561
0.961328,44,2932.595093
0.631738,419,2935.351453
0.83916,183,2936.861747
0.963086,42,2937.035831
0.944629,63,2937.633114
0.704687,336,2939.977957
0.964844,40,2940.582574
0.857617,162,2941.731722
0.679199,365,2944.504924
0.97627,27,2944.640204
0.761816,271,2946.512177
0.589551,467,2949.879168
0.942871,65,2950.170155
0.741602,294,2952.482669
0.926172,84,2952.855605
0.738965,297,2955.115371
0.896289,118,2955.64672
0.952539,54,2956.217927
0.919141,92,2956.992552
0.867285,151,2958.070556
0.905078,108,2958.993956
0.46123,613,2963.203731
0.73457,302,2965.456887
0.825098,199,2966.774725
0.930566,79,2967.482939
0.932324,77,2968.132667
0.700293,341,2970.348246
0.568457,491,2973.968922
0.975391,28,2974.088105
0.893652,121,2974.957591
0.932324,77,2975.662403
0.745117,290,2977.629939
0.886621,129,2978.552803
0.668652,377,2981.298622
0.805762,221,2982.923762
0.968359,36,2983.101224
0.776758,254,2984.846166
0.859375,160,2985.923423
0.620313,432,2989.183998
0.870801,147,2990.146217
0.37334,713,2994.968521
0.919141,92,2995.72737
0.711719,328,2998.320145
0.963965,41,2998.499508
0.761816,271,3000.377383
0.964844,40,3000.56258
0.513086,554,3004.754061
0.971875,32,3004.894829
0.802246,225,3006.546268
0.844434,177,3007.692154
0.81543,210,3009.298744
0.542969,520,3012.897284
0.821582,203,3014.163706
0.391797,692,3019.217953
0.799609,228,3020.926226
0.359277,729,3026.145419
0.975391,28,3026.262186
0.971875,32,3026.729298
0.548242,514,3030.545927
0.552637,509,3034.355059
0.971875,32,3034.487713
0.909473,103,3035.34048
0.881348,135,3036.227231
0.924414,86,3036.893732
0.773242,258,3038.78047
0.822461,202,3040.11604
0.950781,56,3040.65106
0.886621,129,3041.560858
0.956055,50,3041.809329
0.76709,265,3043.610482
0.721387,317,3045.702982
0.941992,66,3046.410325
0.708203,332,3048.980386
0.690625,352,3051.271399
0.859375,160,3052.678809
0.8875,128,3053.545099
0.927051,83,3053.923372
0.963086,42,3054.414926
0.40498,677,3059.149132
0.87168,146,3060.172496
0.924414,86,3060.95136
0.739844,296,3063.145093
0.738965,297,3065.199893
0.966602,38,3065.690468
0.917383,94,3066.108392
0.97627,27,3066.526775
0.796973,231,3067.978178
0.859375,160,3069.293167
0.885742,130,3070.197485
0.845313,176,3071.464665
0.834766,188,3072.651384
0.971875,32,3073.138721
0.946387,61,3073.4156
0.46123,613,3078.009456
0.962207,43,3078.190188
0.909473,103,3079.086118
0.956055,50,3079.602242
0.78291,247,3081.221957
0.848828,172,3082.671224
0.649316,399,3085.464098
0.679199,365,3088.008181
0.315332,779,3093.951529
0.67832,366,3096.70281
0.876953,140,3097.618881
0.918262,93,3098.31171
0.796094,232,3099.761027
0.964844,40,3100.263919
0.899805,114,3101.144137
0.843555,178,3102.339158
0.554395,507,3105.897111
0.631738,419,3108.800873
0.97627,27,3108.938108
0.890137,125,3109.85922
0.956934,49,3110.413742
0.931445,78,3110.763
0.929688,80,3111.436814
0.529785,535,3115.185198
0.966602,38,3115.354823
0.891016,124,3116.233754
0.680957,363,3118.936233
0.870801,147,3119.946726
0.929688,80,3120.732847
0.955176,51,3120.963401
0.891016,124,3121.917887
0.936719,72,3122.574329
0.778516,252,3124.423728
0.944629,63,3124.692957
0.791699,237,3126.398171
0.658105,389,3129.153986
0.806641,220,3130.803828
0.949902,57,3131.075077
0.520117,546,3135.312755
0.95166,55,3135.565869
0.794336,234,3137.300267
0.765332,267,3139.197213
0.836523,186,3140.642786
0.97627,27,3140.79402
0.944629,63,3141.058508
0.963086,42,3141.651871
0.775879,255,3143.459178
0.550879,511,3147.054118
0.972754,31,3147.192698
0.848828,172,3148.243955
0.830371,193,3149.824952
0.870801,147,3150.933188
0.814551,211,3152.189225
0.973633,30,3152.635209
0.716113,323,3154.705646
0.956055,50,3155.271189
0.915625,96,3155.730805
0.974512,29,3156.166353
0.825098,199,3157.486587
0.974512,29,3157.607481
0.776758,254,3159.41512
0.970117,34,3159.900473
0.937598,71,3160.244504
0.892773,122,3161.165107
0.682715,361,3163.819257
0.894531,120,3164.677334
0.964844,40,3164.862956
0.667773,378,3167.579453
0.772363,259,3169.498943
0.968359,36,3169.670117
0.962207,43,3170.32144
0.615918,437,3173.29452
0.708203,332,3175.818384
0.748633,286,3177.732822
0.596582,459,3181.219304
0.666016,380,3184.064515
0.968359,36,3184.228955
0.847949,173,3185.415201
0.932324,77,3186.130985
0.85498,165,3187.223273
0.941992,66,3187.831304
0.673047,372,3190.659575
0.861133,158,3191.72845
0.652832,395,3194.6069
0.632617,418,3197.597967
0.883105,133,3198.57754
0.872559,145,3199.570683
0.944629,63,3200.296553
0.854102,166,3201.505028
0.665137,381,3204.215678
0.926172,84,3204.891804
0.796973,231,3206.262414
0.950781,56,3206.85621
0.822461,202,3208.353848
0.934082,75,3208.716395
0.849707,171,3209.770159
0.965723,39,3210.261521
0.82334,201,3211.50945
0.713477,326,3214.074895
0,1024,3221.234687
0.972754,31,3221.367003
0.783789,246,3223.106761
0.814551,211,3224.66729
0.900684,113,3225.4488
0.778516,252,3227.225839
0.95166,55,3227.492794
0.80752,219,3229.187938
0.876074,141,3230.17861
0.853223,167,3231.281481
0.79082,238,3232.932143
0.801367,226,3234.638932
0.826855,197,3235.794921
0.709082,331,3238.2699
0.927051,83,3238.623145
0.717871,321,3241.066928
0.956934,49,3241.275193
0.970996,33,3241.718697
0.939355,69,3242.028121
0.380371,705,3247.384729
0.936719,72,3247.700049
0.948145,59,3248.289314
0.64668,402,3251.16199
0.419043,661,3256.051044
0.8875,128,3257.033873
0.884863,131,3257.963194
0.780273,250,3259.795606
0.884863,131,3260.792209
0.749512,285,3262.72693
0.97627,27,3262.841196
0.857617,162,3264.415953
0.962207,43,3264.607344
0.917383,94,3265.364774
0.131641,988,3272.597146
0.842676,179,3274.146823
0.837402,185,3275.281072
0.762695,270,3277.176351
0.668652,377,3280.108578
0.960449,45,3280.641927
0.96748,37,3280.811513
0.825977,198,3282.316592
0.973633,30,3282.473868
0.856738,163,3283.640848
0.868164,150,3284.708405
0.821582,203,3286.31285
0.918262,93,3287.040683
0.946387,61,3287.354371
0.319727,774,3293.024911
0.917383,94,3293.739204
0.966602,38,3293.896499
0.918262,93,3294.61438
0.640527,409,3297.399776
0.956055,50,3297.622879
0.864648,154,3298.914837
0.900684,113,3299.687707
0.754785,279,3301.773214
0.784668,245,3303.547672
0.92793,82,3303.920433
0.872559,145,3304.9202
0.949023,58,3305.540535
0.970996,33,3305.681802
0.87959,137,3306.64266
0.846191,175,3308.070074
0.974512,29,3308.248486
0.97627,27,3308.371472
0.812793,213,3310.080949
0.972754,31,3310.231421
0.928809,81,3310.977898
0.626465,425,3314.010297
0.909473,103,3314.897296
0.969238,35,3315.050944
0.843555,178,3316.215847
0.63877,411,3319.52295
0.960449,45,3319.770972
0.533301,531,3323.424241
0,1024,3331.028844
0.905078,108,3331.824523
0.869922,148,3332.791849
0.964844,40,3332.976719
0.955176,51,3333.584434
0.971875,32,3333.731762
0.953418,53,3333.95736
0.67832,366,3336.803659
0.93584,73,3337.464453
0.658105,389,3340.248544
0.84707,174,3341.346124
0.504297,564,3345.615193
0.830371,193,3346.791157
0.965723,39,3346.952595
0.969238,35,3347.51166
0.974512,29,3347.657859
0.924414,86,3348.436286
0.926172,84,3348.813774
0.745996,289,3351.203944
0.596582,459,3354.3685
0.945508,62,3354.949747
0.975391,28,3355.100102
0.930566,79,3355.434011
0.677441,367,3358.079689
0.886621,129,3358.966515
0.923535,87,3359.739873
0.97627,27,3359.864783
0.756543,277,3361.761982
0.921777,89,3362.479423
0.907715,105,3363.403661
0.970996,33,3363.584385
0.842676,179,3365.247575
0.708203,332,3367.435592
0.716992,322,3369.951971
0.916504,95,3370.389109
0.965723,39,3370.998699
0.774121,257,3372.954935
0.899805,114,3373.773442
0.849707,171,3374.844611
0.859375,160,3375.896013
0.889258,126,3376.871406
0.902441,111,3377.678879
0.962207,43,3377.894536
0.905957,107,3378.737459
0.860254,159,3379.76994
0.832129,191,3381.335604
0.884863,131,3382.237532
0.819824,205,3383.861273
0.975391,28,3383.996535
0.597461,458,3387.142338
0.963086,42,3387.658444
0.961328,44,3387.888035
0.970996,33,3388.051589
0.950781,56,3388.652978
0.900684,113,3389.470229
0.704687,336,3391.781449
0.697656,344,3394.523612
0.687109,356,3397.183963
0.958691,47,3397.39837
0.973633,30,3397.527352
0.531543,533,3401.400372
0.900684,113,3402.277913
0.972754,31,3402.724547
0.80752,219,3403.993004
0.789062,240,3405.763257
0.964844,40,3405.9576
0.932324,77,3406.665721
0.915625,96,3407.401844
0.972754,31,3407.535511
0.420801,659,3412.190248
0.87168,146,3413.255651
0.931445,78,3414.028408
0.971875,32,3414.187822
0.937598,71,3414.837345
0.50166,567,3418.645113
0.816309,209,3420.27605
0.97627,27,3420.407325
0.855859,164,3421.438268
0.928809,81,3422.110936
0.827734,196,3423.270875
0.57373,485,3426.761517
0.443652,633,3431.333942
0.748633,286,3433.36048
0.941992,66,3434.079263
0.471777,601,3438.325857
0.925293,85,3438.689061
0.941113,67,3439.367512
0.851465,169,3440.470911
0.971875,32,3440.606945
0.822461,202,3442.346514
0.866406,152,3443.309011
0.906836,106,3444.14294
0.851465,169,3445.221038
0.961328,44,3445.736581
0.818945,206,3446.970225
0.587793,469,3450.674011
0.859375,160,3451.689768
0.954297,52,3452.234092
0.776758,254,3454.146388
0.794336,234,3455.557862
0.76709,265,3457.487626
0.906836,106,3458.261345
0.850586,170,3459.704024
0.907715,105,3460.191116
0.687109,356,3462.841697
0.972754,31,3462.990026
0.768848,263,3465.161897
0.434863,643,3469.680656
0.846191,175,3470.786129
0.862012,157,3471.78544
0.679199,365,3474.617035
0.805762,221,3476.372653
0.960449,45,3476.567231
0.660742,386,3479.368223
0.398828,684,3484.100011
0.904199,109,3484.865933
0.745117,290,3487.119703
0.617676,435,3490.177289
0.97627,27,3490.290846
0.963965,41,3490.752475
0.93584,73,3491.123077
0.593945,462,3494.599069
0.961328,44,3494.791884
0.499023,570,3498.831142
0.968359,36,3499.311329
0.763574,269,3501.337741
0.905957,107,3502.148134
0.975391,28,3502.292151
0.663379,383,3504.993756
0.760059,273,3506.883583
0.944629,63,3507.449251
0.929688,80,3507.82579
0.96748,37,3507.98687
0.934961,74,3508.656432
0.97627,27,3508.771523
0.556152,505,3512.491211
0.937598,71,3513.124681
0.891016,124,3514.018693
0.957812,48,3514.222364
0.870801,147,3515.216391
0.868164,150,3516.199775
0.963086,42,3516.790634
0.93584,73,3517.148342
0.97627,27,3517.575213
0.94375,64,3517.920312
0.969238,35,3518.090269
0.652832,395,3520.735804
0.419922,660,3525.685678
0.937598,71,3526.030508
0.808398,218,3527.732251
0.473535,599,3531.698591
0.929688,80,3532.353696
0.970996,33,3532.493735
0.952539,54,3533.088259
0.846191,175,3534.180474
0.842676,179,3535.628841
0.948145,59,3535.937091
0.955176,51,3536.157681
0.95957,46,3536.761965
0.842676,179,3537.933696
0.970117,34,3538.087473
0.97627,27,3538.541746
0.681836,362,3540.805668
0.827734,196,3542.306508
0.956934,49,3542.548276
0.970996,33,3543.120981
0.884863,131,3544.004827
0.433105,645,3548.692279
0.828613,195,3549.868708
0.862891,156,3550.871054
0.974512,29,3551.422875
0.795215,233,3552.728137
0.970996,33,3553.214203
0.61416,439,3556.210484
0.691504,351,3558.893679
0.950781,56,3559.154655
0.777637,253,3560.944564
0.876953,140,3561.953199
0.945508,62,3562.578849
0.743359,292,3564.550263
0.952539,54,3565.090534
0.784668,245,3566.985995
0.744238,291,3569.081163
0.971875,32,3569.214307
0.745117,290,3571.107238
0.97627,27,3571.502499
0.853223,167,3572.711455
0.749512,285,3574.626063
0.934961,74,3575.2232
0.781152,249,3577.128101
0.883105,133,3578.159163
0.750391,284,3580.208824
0.899805,114,3581.050818
0.966602,38,3581.213305
0.620313,432,3584.037631
0.970117,34,3584.612214
0.648438,400,3587.403896
0.97627,27,3587.524195
0.624707,427,3590.403355
0.963086,42,3590.917034
0.931445,78,3591.263098
0.808398,218,3592.907424
0.964844,40,3593.080231
0.965723,39,3593.564591
0.963965,41,3593.742586
0.857617,162,3594.766816
0.960449,45,3595.337576
0.702051,339,3605.98099
0.889258,126,3606.844394
0.971875,32,3606.978412
0.354004,735,3612.326697
0.770605,261,3614.109121
0.755664,278,3616.099783
0.55,512,3619.794109
0.847949,173,3621.354886
0.716113,323,3623.510717
0.840039,182,3625.023208
0.925293,85,3625.38628
0.86377,155,3626.691454
0.835645,187,3627.997179
0.864648,154,3629.085142
0.909473,103,3629.863513
0.75918,274,3631.742188
0.946387,61,3632.338268
0.622949,429,3635.252132
0.90332,110,3636.170893
0.954297,52,3636.388598
0.908594,104,3637.205096
0.892773,122,3638.14838
0.915625,96,3638.963657
0.941113,67,3639.263234
0.969238,35,3639.768871
0,1024,3647.061855
0.843555,178,3648.243147
0.874316,143,3649.253999
0.972754,31,3649.38492
0.900684,113,3650.236677
0.92793,82,3651.038533
0.92793,82,3651.426653
0.845313,176,3653.022204
0.709082,331,3655.16082
0.907715,105,3655.921472
0.641406,408,3658.842859
0.92793,82,3659.532308
0.900684,113,3660.388495
0.957812,48,3660.61725
0.753906,280,3662.769364
0.957812,48,3663.001312
0.953418,53,3663.231881
0.819824,205,3664.807837
0.835645,187,3665.962767
0.905957,107,3666.865363
0.963965,41,3667.33619
0.882227,134,3668.282142
0.965723,39,3668.473294
0.974512,29,3668.606376
0.965723,39,3668.80016
0.680078,364,3671.609907
0.886621,129,3672.476426
0.930566,79,3673.146997
0.826855,197,3674.336561
0.59834,457,3677.828843
0.910352,102,3678.625101
0.832129,191,3679.797596
0.593066,463,3683.201774
0.973633,30,3683.334138
0.96748,37,3683.490576
0.897168,117,3684.306002
0.611523,442,3687.807208
0.146582,971,3694.607186
0.877832,139,3695.561888
0.917383,94,3696.36052
0.902441,111,3697.181858
0.826855,197,3698.701215
0.659863,387,3701.402847
0.917383,94,3701.810637
0.945508,62,3702.409806
0.689746,353,3705.021008
0.964844,40,3705.247561
0.813672,212,3706.952623
0.724023,314,3709.265948
0.829492,194,3710.877872
0.97627,27,3711.024128
0.85498,165,3712.080327
0.73457,302,3714.208359
0.969238,35,3714.697421
0.811035,215,3716.088557
0.912988,99,3716.879442
0.822461,202,3718.408947
0.595703,460,3721.348621
0.862891,156,3722.821501
0.91123,101,3723.32497
0.956055,50,3723.913017
0.876074,141,3724.854669
0.812793,213,3726.125772
0.96748,37,3726.628819
0.76709,265,3728.657454
0.940234,68,3728.958162
0.974512,29,3729.392054
0.95957,46,3729.595977
0.869922,148,3730.597827
0.583398,474,3734.194361
0.963086,42,3734.393914
0.607129,447,3737.610391
0.852344,168,3738.763209
0.964844,40,3738.932149
0.896289,118,3739.774328
0.813672,212,3741.355473
0.836523,186,3742.46392
0.549121,513,3746.243227
0.866406,152,3747.268074
0.752148,282,3749.563437
0.763574,269,3751.453349
0.936719,72,3751.772748
0.961328,44,3752.265965
0.963965,41,3752.466109
0.843555,178,3753.598383
0.396191,687,3758.926094
0.79873,229,3760.67518
0.965723,39,3760.892759
0.57373,485,3764.585046
0.953418,53,3764.875487
0.960449,45,3765.083715
0.971875,32,3765.542355
0.888379,127,3766.473832
0.969238,35,3766.633806
0.789941,239,3768.415998
0.31709,777,3773.908494
0.904199,109,3774.685673
0.812793,213,3776.008854
0.909473,103,3776.811721
0.847949,173,3778.378185
0.962207,43,3778.604578
0.805762,221,3780.173464
0.936719,72,3780.544273
0.956934,49,3781.049011
0.956055,50,3781.27938
0.920898,90,3781.984622
0.971875,32,3782.141278
0.93584,73,3782.457927
0.960449,45,3782.967215
0.626465,425,3785.95023
0.856738,163,3787.106739
0.8875,128,3788.028997
0.902441,111,3788.932439
0.953418,53,3789.558363
0.661621,385,3792.282652
0.966602,38,3792.457959
0.776758,254,3794.212905
0.743359,292,3796.24228
0.856738,163,3797.667742
0.97627,27,3797.816874
0.898926,115,3798.649477
0.963086,42,3798.843704
0.936719,72,3799.43133
0.956934,49,3799.687014
0.660742,386,3802.558008
0.89541,119,3803.43429
0.643164,406,3806.347911
0.813672,212,3807.89908
0.914746,97,3808.384855
0.97627,27,3808.837032
0.946387,61,3809.10854
0.971875,32,3809.249224
0.949902,57,3809.812381
0.274023,826,3815.803507
0.836523,186,3817.249736
0.96748,37,3817.404139
0.964844,40,3817.56998
0.860254,159,3818.997705
0.908594,104,3819.485485
0.928809,81,3820.229026
0.958691,47,3820.442226
0.658105,389,3823.174634
0.962207,43,3823.802211
0.904199,109,3824.633713
0.698535,343,3826.883665
0.966602,38,3827.441698
0.920898,90,3827.842174
0.914746,97,3828.648403
0.61416,439,3831.66772
0.894531,120,3832.566785
0.915625,96,3833.303429
0.835645,187,3834.80704
0.975391,28,3834.942454
0.833887,189,3836.130688
0.847949,173,3837.568755
0.898926,115,3838.400103
0.865527,153,3839.41908
0.814551,211,3840.71244
0.954297,52,3841.277297
0.958691,47,3841.475936
0.894531,120,3842.320622
0.941113,67,3843.009877
0.956055,50,3843.222882
0.957812,48,3843.425131
0.826855,197,3845.004721
0.87168,146,3846.055154
0.724023,314,3848.452359
0.38125,704,3853.438514
0.788184,241,3855.309552
0.702051,339,3857.825852
0.753906,280,3859.864478
0.962207,43,3860.058386
0.95957,46,3860.280063
0.745117,290,3862.72771
0.607129,447,3865.787264
0.76709,265,3867.676628
0.929688,80,3868.362929
0.95957,46,3868.576517
0.666016,380,3871.28134
0.91123,101,3872.048176
0.465625,608,3876.379871
0.846191,175,3877.598207
0.772363,259,3879.553488
0.962207,43,3880.051524
0.95166,55,3880.349073
0.639648,410,3883.230474
0.948145,59,3883.789759
0.884863,131,3884.684144
0.866406,152,3885.775142
0.731934,305,3887.901824
0.970117,34,3888.059396
0.38916,695,3893.211839
0.906836,106,3894.032079
0.882227,134,3895.028173
0.869043,149,3895.995736
0.956055,50,3896.206986
0.862891,156,3897.479825
0.756543,277,3899.455715
0.915625,96,3899.947994
0.83125,192,3901.526199
0.870801,147,3902.64702
0.883984,132,3903.549252
0.970996,33,3903.687061
0.958691,47,3904.197599
0.915625,96,3904.969161
0.905078,108,3905.48759
0.896289,118,3906.46726
0.640527,409,3909.340776
0.972754,31,3909.822424
0.970996,33,3909.9773
0.546484,516,3913.749397
0.964844,40,3913.918412
0.942871,65,3914.622375
0.626465,425,3917.514045
0.783789,246,3919.316046
0.484961,586,3923.694572
0.938477,70,3924.03378
0.818945,206,3925.701231
0.811914,214,3926.969387
0.961328,44,3927.480706
0.927051,83,3927.87691
0.578125,480,3931.531791
0.974512,29,3931.678067
0.973633,30,3932.156059
0.845313,176,3933.199329
0.920898,90,3934.055014
0.971875,32,3934.197329
0.956934,49,3934.413215
0.812793,213,3936.062418
0.875195,142,3937.123769
0.631738,419,3940.0518
0.602734,452,3943.590618
0.779395,251,3945.451514
0.904199,109,3946.291102
0.861133,158,3947.399119
0.922656,88,3948.170864
0.971875,32,3948.31556
0.756543,277,3950.28837
0.83916,183,3951.748411
0.97627,27,3951.905966
0.94375,64,3952.209106
0.683594,360,3954.780452
0.970117,34,3954.924972
0.975391,28,3955.350154
0.916504,95,3955.832594
0.529785,535,3959.558705
0.918262,93,3960.291787
0.586914,470,3963.751968
0.834766,188,3964.932716
0.872559,145,3965.975019
0.76709,265,3968.097213
0.499023,570,3972.091262
0.947266,60,3972.345455
0.712598,327,3974.79863
0.956055,50,3975.031037
0.505176,563,3979.27075
0.900684,113,3980.063074
0.837402,185,3981.304492
0.950781,56,3981.848881
0.916504,95,3982.329284
0.972754,31,3982.780572
0.711719,328,3985.109416
0.975391,28,3985.236094
0.861133,158,3986.559391
0.972754,31,3986.710169
0.953418,53,3986.986124
0.79873,229,3988.721493
0.771484,260,3990.601109
0.59043,466,3994.059848
0.937598,71,3994.392152
0.308301,787,4000.018049
0.698535,343,4002.518452
0.852344,168,4003.590497
0.615918,437,4007.051764
0.960449,45,4007.240584
0.963965,41,4007.414101
0.929688,80,4008.105957
0.818066,207,4009.719037
0.22041,887,4016.012974
0.877832,139,4016.931337
0.956055,50,4017.141315
0.410254,671,4021.825103
0.820703,204,4023.425986
0.941113,67,4023.719699
0.963965,41,4024.314557
0.514844,552,4028.501806
0.968359,36,4028.676808
0.910352,102,4029.533358
0.972754,31,4029.694401
0.905078,108,4030.548927
0.552637,509,4034.292014
0.76709,265,4036.230971
0.702051,339,4038.859126
0.910352,102,4039.753343
0.960449,45,4039.989917
0.920898,90,4040.714059
0.860254,159,4041.897362
0.96748,37,4042.050824
0.799609,228,4043.716286
0.973633,30,4043.84825
0.773242,258,4045.622177
0.97627,27,4046.065304
0.861133,158,4047.202427
0.769727,262,4049.026462
0.968359,36,4049.183158
0.785547,244,4051.043514
0.856738,163,4052.06417
0.904199,109,4052.867246
0.884863,131,4053.821081
0.888379,127,4054.664564
0.818066,207,4056.342172
0.824219,200,4057.621822
0.916504,95,4058.357072
0.975391,28,4058.475839
0.801367,226,4060.081141
0.954297,52,4060.584996
0.97627,27,4060.772232
0.849707,171,4061.850974
0.97627,27,4061.963935
0.975391,28,4062.081756
0.584277,473,4065.469293
0.857617,162,4066.625558
0.892773,122,4067.61361
0.817187,208,4069.182005
0.811035,215,4070.767614
0.958691,47,4070.97192
0.631738,419,4073.80825
0.809277,217,4075.460413
0.960449,45,4075.67958
0.931445,78,4076.460434
0.753906,280,4078.29481
0.455078,620,4082.838127
0.75918,274,4084.634205
0.974512,29,4084.775852
0.84707,174,4086.271459
0.612402,441,4089.24982
0.787305,242,4091.196757
0.769727,262,4092.970741
0.97627,27,4093.092689
0.964844,40,4093.610054
0.892773,122,4094.438005
0.478809,593,4098.308521
0.892773,122,4099.299902
0.821582,203,4100.807333
0.715234,324,4102.945898
0.956934,49,4103.596501
0.97627,27,4103.716083
0.8875,128,4104.646252
0.970117,34,4104.8011
0.379492,706,4109.88432
0.890137,125,4110.75802
0.926172,84,4111.120361
0.513965,553,4115.396532
0.873437,144,4116.474166
0.975391,28,4116.59234
0.243262,861,4122.802671
0.934961,74,4123.182503
0.906836,106,4124.086883
0.897168,117,4124.914864
0.934961,74,4125.555678
0.956934,49,4125.784166
0.972754,31,4125.924359
0.806641,220,4127.656034
0.900684,113,4128.50681
0.937598,71,4128.860959
0.731055,306,4131.157238
0.906836,106,4131.918746
0.811035,215,4133.237769
0.753906,280,4135.149915
0.908594,104,4135.918709
0.968359,36,4136.37344
0.970117,34,4136.520621
0.905957,107,4137.325974
0.79873,229,4138.694065
0.918262,93,4139.430755
0.972754,31,4139.589424
0.969238,35,4140.173865
0.853223,167,4141.252966
0.939355,69,4141.984951
0.964844,40,4142.194011
0.817187,208,4143.505188
0.916504,95,4144.333349
0.811035,215,4145.984211
0.709082,331,4148.381102
0.965723,39,4148.591991
0.913867,98,4149.445226
0.778516,252,4151.229999
0.923535,87,4151.631389
0.760059,273,4153.540142
0.518359,548,4157.810392
0.963965,41,4157.995356
0.952539,54,4158.259205
0.819824,205,4159.853821
0.952539,54,4160.115289
0.882227,134,4161.101787
0.856738,163,4162.549107
0.968359,36,4162.729911
0.972754,31,4162.862487
0.892773,122,4163.726225
0.826855,197,4165.249439
0.728418,309,4167.285826
0.444531,632,4171.896453
0.83125,192,4173.402133
0.673926,371,4175.761437
0.900684,113,4176.569406
0.884863,131,4177.502183
0.905078,108,4178.296177
0.829492,194,4179.805055
0.812793,213,4181.072661
0.939355,69,4181.759763
0.692383,350,4184.3528
0.965723,39,4184.518412
0.954297,52,4184.744161
0.824219,200,4186.306174
0.973633,30,4186.434633
0.845313,176,4187.925773
0.932324,77,4188.293965
0.973633,30,4188.419912
0.731934,305,4190.855334
0.400586,682,4195.655982
0.835645,187,4197.211487
0.900684,113,4197.713125
0.924414,86,4198.412493
0.832129,191,4199.907982
0.95957,46,4200.112652
0.81543,210,4201.748321
0.905078,108,4202.211941
0.882227,134,4203.428527
0.878711,138,4204.45883
0.244141,860,4210.367651
0.965723,39,4210.855446
0.762695,270,4212.798286
0.970117,34,4212.941741
0.966602,38,4213.102236
0.975391,28,4213.51119
0.944629,63,4213.827188
0.97627,27,4213.940429
0.621191,431,4217.200001
0.963086,42,4217.414531
0.920898,90,4218.16158
0.975391,28,4218.298688
0.537695,526,4222.023306
0.628223,423,4224.90241
0.765332,267,4226.730559
0.627344,424,4229.940369
0.830371,193,4231.130722
0.972754,31,4231.282218
0.574609,484,4234.723804
0.729297,308,4237.119435
0.92793,82,4237.509244
0.861133,158,4238.495187
0.755664,278,4240.676758
0.769727,262,4242.53548
0.67832,366,4245.123529
0.912988,99,4245.613019
0.964844,40,4246.116439
0.960449,45,4246.352898
0.931445,78,4247.031061
0.583398,474,4250.361826
0.934961,74,4251.138671
0.716113,323,4253.337028
0.913867,98,4254.19548
0.931445,78,4254.898353
0.969238,35,4255.063721
0.945508,62,4255.672391
0.975391,28,4255.849633
0.910352,102,4256.605327
0.593945,462,4259.646546
0.878711,138,4260.591658
0.724023,314,4262.988944
0.957812,48,4263.218201
0,1024,4270.448817
0.952539,54,4270.674904
0.927051,83,4271.378133
0.851465,169,4272.482317
0.956055,50,4273.155171
0.930566,79,4273.517209
0.82334,201,4275.123732
0.851465,169,4276.255026
0.577246,481,4279.772344
0.593066,463,4283.240432
0.587793,469,4286.43105
0.665137,381,4289.168292
0.944629,63,4289.869152
0.944629,63,4290.138755
0.857617,162,4291.659237
0.939355,69,4291.959464
0.964844,40,4292.133966
0.695898,346,4294.687083
0.921777,89,4295.423281
0.963965,41,4295.606368
0.854102,166,4296.715073
0.974512,29,4297.141874
0.480566,591,4301.102014
0.96748,37,4301.560383
0.855859,164,4302.647552
0.949023,58,4302.895255
0.889258,126,4303.754852
0.850586,170,4305.15273
0.941992,66,4305.450972
0.473535,599,4309.735989
0.830371,193,4310.949624
0.489355,581,4315.237044
0.876953,140,4316.179854
0.963086,42,4316.354512
0.97627,27,4316.76479
0.760059,273,4318.701833
0.891016,124,4319.56205
0.545605,517,4323.20127
0.896289,118,4324.025805
0.960449,45,4324.24283
0.905957,107,4325.034041
0.821582,203,4326.267879
0.675684,369,4328.893642
0.92002,91,4329.636042
0.932324,77,4330.27724
0.921777,89,4330.692955
0.929688,80,4331.472039
0.436621,641,4336.210674
0.858496,161,4337.272218
0.862012,157,4338.266628
0.80752,219,4339.857327
0.944629,63,4340.456172
0.972754,31,4340.615493
0.768848,263,4342.586282
0.922656,88,4343.331227
0.61416,439,4346.424387
0.965723,39,4346.617428
0.956055,50,4347.271521
0.956055,50,4347.50166
0.398828,684,4352.305102
0.970117,34,4352.87079
0.757422,276,4354.758971
0.881348,135,4355.83214
0.960449,45,4356.054732
0.865527,153,4357.137503
0.680957,363,4359.81619
0.859375,160,4361.194804
0.652832,395,4363.928516
0.889258,126,4364.789493
0.869922,148,4365.81144
0.817187,208,4367.035728
0.857617,162,4368.379857
0.773242,258,4370.189155
0.740723,295,4372.173155
0.960449,45,4372.379787
0.83125,192,4373.89404
0.955176,51,4374.109156
0.919141,92,4374.866388
0.862012,157,4375.90998
0.892773,122,4376.851711
0.786426,243,4378.584513
0.941992,66,4379.164852
0.921777,89,4379.597846
0.850586,170,4381.059204
0.947266,60,4381.362341
0.970996,33,4381.521018
0.549121,513,4385.383625
0.92002,91,4386.123022
0.8875,128,4387.010255
0.855859,164,4388.051132
0.952539,54,4388.629835
0.970117,34,4388.779498
0.931445,78,4389.563031
0.973633,30,4389.724197
0.724902,313,4391.84156
0.788184,241,4393.636366
0.620313,432,4396.883424
0.564062,496,4400.0699
0.87959,137,4401.126067
0.740723,295,4403.619949
0.914746,97,4404.503829
0.93584,73,4404.862027
0.936719,72,4405.481727
0.970117,34,4405.642068
0.804883,222,4407.267473
0.956934,49,4407.484955
0.957812,48,4407.696812
0.901563,112,4408.537004
0.961328,44,4409.102793
0.406738,675,4413.768623
0.772363,259,4415.551389
0.975391,28,4415.66989
0.861133,158,4416.802803
0.891016,124,4417.668012
0.79873,229,4419.29442
0.588672,468,4422.828756
0.8875,128,4423.7369
0.889258,126,4424.614197
0.953418,53,4424.838733
0.668652,377,4427.541493
0.947266,60,4428.117768
0.60625,448,4431.046989
0.884863,131,4431.887735
0.89541,119,4432.759554
0.914746,97,4433.629515
0.869043,149,4434.645048
0.917383,94,4435.378104
0.975391,28,4435.495851
0.971875,32,4435.629436
0.963086,42,4436.098849
0.934961,74,4436.482227
0.720508,318,4438.950632
0.643164,406,4441.875589
0.87168,146,4442.842933
0.89541,119,4443.791007
0.438379,639,4448.366008
0.965723,39,4448.529655
0.950781,56,4449.186812
0.860254,159,4450.254828
0.973633,30,4450.38958
0.968359,36,4450.543118
0.886621,129,4451.525737
0.847949,173,4452.969971
0.873437,144,4453.945136
0.905078,108,4454.719276
0.934082,75,4455.046038
0.772363,259,4456.819813
0.858496,161,4458.282844
0.876953,140,4459.345539
0.975391,28,4459.483517
0.74248,293,4461.501947
0.960449,45,4461.690311
0.900684,113,4462.520856
0.955176,51,4463.071769
0.970117,34,4463.231954
0.973633,30,4463.358889
0.968359,36,4463.810185
0.855859,164,4464.888424
0.97627,27,4465.022557
0.926172,84,4465.710758
0.974512,29,4465.835408
0.902441,111,4466.642043
0.847949,173,4467.824251
0.73457,302,4469.878854
0.892773,122,4470.777873
0.528027,537,4474.781716
0.975391,28,4474.911367
0.963086,42,4475.09411
0.899805,114,4475.950418
0.862012,157,4477.009876
0.335547,756,4482.354504
0.83916,183,4483.874647
0.624707,427,4486.787194
0.970117,34,4486.93173
0.958691,47,4487.436545
0.838281,184,4488.583731
0.621191,431,4491.544492
0.64668,402,4494.567159
0.970117,34,4494.764044
0.858496,161,4495.791853
0.890137,125,4496.781778
0.95957,46,4497.013251
0.416406,664,4502.179851
0.963086,42,4502.397876
0.828613,195,4503.605415
0.799609,228,4505.357454
0.922656,88,4506.06806
0.858496,161,4507.108197
